1ao7	
CYS	ALA	VAL	THR	THR	ASP	SER	TRP	GLY	LYS	LEU	GLN	PHE	
0	3.81525	6.96467	10.6392	14.1959	16.4805	17.4105	18.4108	15.6456	13.4924	9.93281	7.88971	5.20086	
3.81525	0	3.80681	7.06765	10.7873	12.8457	13.7108	14.5993	11.8641	9.87021	6.30712	5.00956	4.12562	
6.96467	3.80681	0	3.83858	7.23442	9.80391	11.4875	12.5194	9.51877	8.53016	5.89845	5.38891	6.72304	
10.6392	7.06765	3.83858	0	3.81179	6.07714	8.06998	8.98039	6.02906	6.27917	5.19587	6.58052	9.32996	
14.1959	10.7873	7.23442	3.81179	0	3.80223	7.24767	8.14468	5.59248	7.76142	8.31891	9.85605	12.9106	
16.4805	12.8457	9.80391	6.07714	3.80223	0	3.82041	5.42876	4.80405	8.10818	9.2576	11.9081	15.0463	
17.4105	13.7108	11.4875	8.06998	7.24767	3.82041	0	3.80961	5.52304	8.36117	9.44548	12.8634	15.8062	
18.4108	14.5993	12.5194	8.98039	8.14468	5.42876	3.80961	0	3.77577	6.61315	9.09009	12.4094	15.7476	
15.6456	11.8641	9.51877	6.02906	5.59248	4.80405	5.52304	3.77577	0	3.80474	6.4839	9.2289	12.7822	
13.4924	9.87021	8.53016	6.27917	7.76142	8.10818	8.36117	6.61315	3.80474	0	3.79259	6.27522	9.79383	
9.93281	6.30712	5.89845	5.19587	8.31891	9.2576	9.44548	9.09009	6.4839	3.79259	0	3.78081	6.6914	
7.88971	5.00956	5.38891	6.58052	9.85605	11.9081	12.8634	12.4094	9.2289	6.27522	3.78081	0	3.73041	
5.20086	4.12562	6.72304	9.32996	12.9106	15.0463	15.8062	15.7476	12.7822	9.79383	6.6914	3.73041	0	

