1j8h	
CYS	ALA	SER	SER	SER	THR	GLY	LEU	PRO	TYR	GLY	TYR	THR	PHE	
0	3.79308	6.97499	10.6072	14.0383	16.5652	19.0675	17.9021	19.5242	16.4686	13.1439	9.4989	8.37171	5.80139	
3.79308	0	3.78734	7.0476	10.634	13.1267	15.5577	14.2186	15.7431	12.7273	9.43114	5.89005	5.32812	4.37095	
6.97499	3.78734	0	3.7989	7.21061	10.2112	12.248	11.1298	13.2929	10.8776	8.21182	5.68956	5.36051	6.7519	
10.6072	7.0476	3.7989	0	3.77636	6.80347	8.59673	7.40686	9.74915	7.87742	5.93815	5.34179	6.4094	9.23822	
14.0383	10.634	7.21061	3.77636	0	3.81012	5.09262	5.22437	8.5138	8.20529	7.62506	8.53807	9.98184	13.0062	
16.5652	13.1267	10.2112	6.80347	3.81012	0	3.7773	5.54024	8.06898	8.64687	8.45788	10.2986	12.6952	15.64	
19.0675	15.5577	12.248	8.59673	5.09262	3.7773	0	3.78342	6.87272	8.84163	10.0641	12.3825	14.1659	17.548	
17.9021	14.2186	11.1298	7.40686	5.22437	5.54024	3.78342	0	3.89376	5.56477	7.55135	10.2059	11.6726	15.3382	
19.5242	15.7431	13.2929	9.74915	8.5138	8.06898	6.87272	3.89376	0	3.80116	7.15744	10.6289	12.4365	16.1041	
16.4686	12.7273	10.8776	7.87742	8.20529	8.64687	8.84163	5.56477	3.80116	0	3.76186	7.21375	9.11548	12.6409	
13.1439	9.43114	8.21182	5.93815	7.62506	8.45788	10.0641	7.55135	7.15744	3.76186	0	3.74283	6.64065	9.71384	
9.4989	5.89005	5.68956	5.34179	8.53807	10.2986	12.3825	10.2059	10.6289	7.21375	3.74283	0	3.78153	6.17416	
8.37171	5.32812	5.36051	6.4094	9.98184	12.6952	14.1659	11.6726	12.4365	9.11548	6.64065	3.78153	0	3.82367	
5.80139	4.37095	6.7519	9.23822	13.0062	15.64	17.548	15.3382	16.1041	12.6409	9.71384	6.17416	3.82367	0	

