1mi5	
CYS	ILE	LEU	PRO	LEU	ALA	GLY	GLY	THR	SER	TYR	GLY	LYS	LEU	THR	PHE	
0	3.78779	7.20242	9.67673	12.7212	12.616	15.2171	17.3557	17.7292	15.708	16.3005	13.5439	13.3196	9.96709	8.72964	6.89705	
3.78779	0	3.81205	5.93203	9.06293	9.16272	12.0484	13.8353	14.0978	11.9342	12.5764	10.0333	9.961	7.05053	6.24505	6.14985	
7.20242	3.81205	0	3.86104	5.73992	5.67372	8.28128	10.1538	10.7847	9.10237	10.1392	8.51779	9.31697	7.76953	7.46641	9.01643	
9.67673	5.93203	3.86104	0	3.81179	5.61549	8.64551	9.00856	9.2573	6.4738	6.66679	4.71181	5.76867	5.39678	6.72479	9.21979	
12.7212	9.06293	5.73992	3.81179	0	3.8157	5.61661	5.28989	6.39742	4.51319	5.19534	5.56804	7.73132	8.78509	9.96066	12.8242	
12.616	9.16272	5.67372	5.61549	3.8157	0	3.80641	5.44052	5.38254	5.23311	7.94044	8.66658	9.55079	9.98348	9.70286	12.6871	
15.2171	12.0484	8.28128	8.64551	5.61661	3.80641	0	3.77858	5.58146	7.2153	9.57579	11.0869	12.748	13.5385	13.4723	16.2925	
17.3557	13.8353	10.1538	9.00856	5.28989	5.44052	3.77858	0	3.77922	5.44401	7.16369	9.72124	11.7566	13.5719	14.3316	17.5283	
17.7292	14.0978	10.7847	9.2573	6.39742	5.38254	5.58146	3.77922	0	3.80351	7.01091	9.81499	10.65	12.6948	13.0124	16.5714	
15.708	11.9342	9.10237	6.4738	4.51319	5.23311	7.2153	5.44401	3.80351	0	3.81183	6.20167	6.91187	9.29559	10.3289	13.9087	
16.3005	12.5764	10.1392	6.66679	5.19534	7.94044	9.57579	7.16369	7.01091	3.81183	0	3.7995	5.94286	9.03304	11.3529	14.5819	
13.5439	10.0333	8.51779	4.71181	5.56804	8.66658	11.0869	9.72124	9.81499	6.20167	3.7995	0	3.79146	6.10595	9.14973	11.8116	
13.3196	9.961	9.31697	5.76867	7.73132	9.55079	12.748	11.7566	10.65	6.91187	5.94286	3.79146	0	3.8258	6.75688	9.70066	
9.96709	7.05053	7.76953	5.39678	8.78509	9.98348	13.5385	13.5719	12.6948	9.29559	9.03304	6.10595	3.8258	0	3.79381	6.00085	
8.72964	6.24505	7.46641	6.72479	9.96066	9.70286	13.4723	14.3316	13.0124	10.3289	11.3529	9.14973	6.75688	3.79381	0	3.79239	
6.89705	6.14985	9.01643	9.21979	12.8242	12.6871	16.2925	17.5283	16.5714	13.9087	14.5819	11.8116	9.70066	6.00085	3.79239	0	

