2bnq	
CYS	ALA	VAL	ARG	PRO	THR	SER	GLY	GLY	SER	TYR	ILE	PRO	THR	PHE	
0	3.8119	7.11074	10.664	13.8725	16.6211	19.2663	20.1266	21.0367	18.7448	15.9485	13.9095	10.0835	8.6255	5.9983	
3.8119	0	3.80131	7.02467	10.3548	13.3278	15.7527	16.4665	17.2401	14.9552	12.1584	10.2073	6.38595	5.50637	4.32116	
7.11074	3.80131	0	3.79275	6.80206	9.58486	12.1753	13.3114	14.3749	12.7071	9.83617	8.77324	5.49864	5.49364	6.7499	
10.664	7.02467	3.79275	0	3.83984	6.721	8.98019	10.0957	10.7585	9.36622	6.3146	6.31484	4.54011	6.46951	9.07465	
13.8725	10.3548	6.80206	3.83984	0	3.8079	5.40684	6.83573	8.42205	8.17171	6.22938	7.26477	7.13688	8.48542	11.7882	
16.6211	13.3278	9.58486	6.721	3.8079	0	3.79339	7.09477	8.61541	9.85459	8.0822	10.3566	10.6201	12.2274	15.3517	
19.2663	15.7527	12.1753	8.98019	5.40684	3.79339	0	3.78923	5.89156	8.14049	7.93083	10.3835	11.8013	13.3902	16.9496	
20.1266	16.4665	13.3114	10.0957	6.83573	7.09477	3.78923	0	3.78337	5.84471	7.37191	9.18553	11.4934	12.9431	16.719	
21.0367	17.2401	14.3749	10.7585	8.42205	8.61541	5.89156	3.78337	0	3.8192	5.88813	8.50915	11.5899	13.9288	17.5446	
18.7448	14.9552	12.7071	9.36622	8.17171	9.85459	8.14049	5.84471	3.8192	0	3.81528	5.20557	8.78646	11.2659	14.7071	
15.9485	12.1584	9.83617	6.3146	6.22938	8.0822	7.93083	7.37191	5.88813	3.81528	0	3.80716	6.43343	9.64747	12.786	
13.9095	10.2073	8.77324	6.31484	7.26477	10.3566	10.3835	9.18553	8.50915	5.20557	3.80716	0	3.82876	6.70874	9.75557	
10.0835	6.38595	5.49864	4.54011	7.13688	10.6201	11.8013	11.4934	11.5899	8.78646	6.43343	3.82876	0	3.79023	6.37714	
8.6255	5.50637	5.49364	6.46951	8.48542	12.2274	13.3902	12.9431	13.9288	11.2659	9.64747	6.70874	3.79023	0	3.80597	
5.9983	4.32116	6.7499	9.07465	11.7882	15.3517	16.9496	16.719	17.5446	14.7071	12.786	9.75557	6.37714	3.80597	0	

