2vlk	
CYS	ALA	SER	SER	SER	ARG	SER	SER	TYR	GLU	GLN	TYR	PHE	
0	3.83621	7.14399	10.721	14.1597	15.1317	13.9205	14.9328	15.0433	13.312	9.49094	8.41011	5.80839	
3.83621	0	3.77491	7.05263	10.6346	11.7965	10.9285	11.8522	11.4524	9.6439	5.82913	5.14539	4.15695	
7.14399	3.77491	0	3.7728	7.01597	8.42441	8.38351	10.1122	9.35306	8.2848	5.22242	5.39078	6.73313	
10.721	7.05263	3.7728	0	3.81033	5.34203	6.22004	7.80636	6.22192	5.86045	4.64957	6.30983	9.11425	
14.1597	10.6346	7.01597	3.81033	0	3.80861	6.86941	9.03084	7.0388	7.79964	8.04048	9.37025	12.5066	
15.1317	11.7965	8.42441	5.34203	3.80861	0	3.78405	6.50965	5.91855	8.38107	9.13409	11.5598	14.3649	
13.9205	10.9285	8.38351	6.22004	6.86941	3.78405	0	3.84847	5.49781	8.26304	8.64094	11.7414	13.9192	
14.9328	11.8522	10.1122	7.80636	9.03084	6.50965	3.84847	0	3.78166	6.80314	8.23901	11.9272	14.1256	
15.0433	11.4524	9.35306	6.22192	7.0388	5.91855	5.49781	3.78166	0	3.84267	6.53594	9.95994	12.8877	
13.312	9.6439	8.2848	5.86045	7.79964	8.38107	8.26304	6.80314	3.84267	0	3.87017	6.90386	9.96469	
9.49094	5.82913	5.22242	4.64957	8.04048	9.13409	8.64094	8.23901	6.53594	3.87017	0	3.78569	6.36424	
8.41011	5.14539	5.39078	6.30983	9.37025	11.5598	11.7414	11.9272	9.95994	6.90386	3.78569	0	3.74631	
5.80839	4.15695	6.73313	9.11425	12.5066	14.3649	13.9192	14.1256	12.8877	9.96469	6.36424	3.74631	0	

