3h9s	
CYS	ALA	SER	ARG	PRO	GLY	LEU	ALA	GLY	GLY	ARG	PRO	GLU	GLN	TYR	PHE	
0	3.80379	7.08281	10.6624	14.1141	15.4121	18.999	18.5529	19.9174	18.7904	18.1828	16.7877	14.1912	10.4405	8.78773	5.92523	
3.80379	0	3.75094	7.03943	10.6934	12.1997	15.82	15.4514	16.4794	15.2554	14.4991	12.9848	10.4654	6.7098	5.63337	4.18329	
7.08281	3.75094	0	3.79249	7.08929	9.01171	12.4271	11.7514	12.8466	11.8588	11.666	10.3683	8.57668	5.39718	5.33154	6.34207	
10.6624	7.03943	3.79249	0	3.88017	5.9595	9.29631	9.00103	9.62864	8.8555	8.67713	6.89735	6.12318	4.25434	6.36805	8.89219	
14.1141	10.6934	7.08929	3.88017	0	3.81438	6.01475	5.18493	5.97465	6.23929	7.50965	6.3407	7.53696	7.47135	9.59215	12.4979	
15.4121	12.1997	9.01171	5.9595	3.81438	0	3.79337	5.52745	7.27085	8.93916	10.1749	7.91739	9.77429	9.48195	12.2746	14.7427	
18.999	15.82	12.4271	9.29631	6.01475	3.79337	0	3.84716	5.73177	8.78218	10.9131	9.37559	12.152	12.7046	15.4223	18.1833	
18.5529	15.4514	11.7514	9.00103	5.18493	5.52745	3.84716	0	3.76876	6.74979	9.80119	9.60025	11.9726	12.6027	14.5401	17.4433	
19.9174	16.4794	12.8466	9.62864	5.97465	7.27085	5.73177	3.76876	0	3.77514	6.97525	7.63061	10.4929	12.2329	14.268	17.674	
18.7904	15.2554	11.8588	8.8555	6.23929	8.93916	8.78218	6.74979	3.77514	0	3.74055	6.00018	8.11259	10.3928	11.9361	15.5926	
18.1828	14.4991	11.666	8.67713	7.50965	10.1749	10.9131	9.80119	6.97525	3.74055	0	3.89942	5.37765	8.591	10.3024	14.1173	
16.7877	12.9848	10.3683	6.89735	6.3407	7.91739	9.37559	9.60025	7.63061	6.00018	3.89942	0	3.78355	6.72424	9.69448	13.2495	
14.1912	10.4654	8.57668	6.12318	7.53696	9.77429	12.152	11.9726	10.4929	8.11259	5.37765	3.78355	0	3.82927	6.37977	9.91891	
10.4405	6.7098	5.39718	4.25434	7.47135	9.48195	12.7046	12.6027	12.2329	10.3928	8.591	6.72424	3.82927	0	3.81988	6.73125	
8.78773	5.63337	5.33154	6.36805	9.59215	12.2746	15.4223	14.5401	14.268	11.9361	10.3024	9.69448	6.37977	3.81988	0	3.82055	
5.92523	4.18329	6.34207	8.89219	12.4979	14.7427	18.1833	17.4433	17.674	15.5926	14.1173	13.2495	9.91891	6.73125	3.82055	0	

