3kpr	
CYS	ILE	LEU	PRO	LEU	ALA	GLY	GLY	THR	SER	TYR	GLY	LYS	LEU	THR	PHE	
0	3.8062	7.13249	9.5345	12.6212	12.0148	14.547	16.9589	17.2739	15.6991	16.3867	13.5544	13.5541	10.1814	9.07961	6.84149	
3.8062	0	3.81441	5.78444	8.9592	8.57509	11.4534	13.4865	13.6218	11.9016	12.6609	10.0629	10.253	7.28555	6.58798	6.00582	
7.13249	3.81441	0	3.84243	5.69557	5.33483	7.79149	9.84763	10.5202	9.37574	10.5536	8.8869	10.0073	8.25947	7.96931	8.96591	
9.5345	5.78444	3.84243	0	3.83078	5.38431	8.42513	8.96936	8.93533	6.59434	6.98499	5.07371	6.51807	5.861	7.07906	9.14655	
12.6212	8.9592	5.69557	3.83078	0	3.84365	5.58235	5.24051	5.99838	4.7157	5.88352	6.22481	8.45924	9.09378	10.0609	12.6129	
12.0148	8.57509	5.33483	5.38431	3.84365	0	3.82579	5.57572	5.54522	5.85977	8.66232	9.03654	9.97642	9.76719	9.21456	11.7998	
14.547	11.4534	7.79149	8.42513	5.58235	3.82579	0	3.80694	5.84447	7.86233	10.5628	11.7034	13.3077	13.452	13.0138	15.3996	
16.9589	13.4865	9.84763	8.96936	5.24051	5.57572	3.80694	0	3.81478	6.06426	8.33877	10.5492	12.5482	13.7576	14.1476	17.0275	
17.2739	13.6218	10.5202	8.93533	5.99838	5.54522	5.84447	3.81478	0	3.83305	7.21891	9.79262	10.7395	12.2961	12.462	15.8318	
15.6991	11.9016	9.37574	6.59434	4.7157	5.85977	7.86233	6.06426	3.83305	0	3.81885	6.1646	7.04702	9.11675	10.1524	13.6	
16.3867	12.6609	10.5536	6.98499	5.88352	8.66232	10.5628	8.33877	7.21891	3.81885	0	3.83191	5.95706	8.92383	11.2685	14.3858	
13.5544	10.0629	8.8869	5.07371	6.22481	9.03654	11.7034	10.5492	9.79262	6.1646	3.83191	0	3.79992	6.02894	9.10616	11.618	
13.5541	10.253	10.0073	6.51807	8.45924	9.97642	13.3077	12.5482	10.7395	7.04702	5.95706	3.79992	0	3.81128	6.86375	9.7266	
10.1814	7.28555	8.25947	5.861	9.09378	9.76719	13.452	13.7576	12.2961	9.11675	8.92383	6.02894	3.81128	0	3.80584	5.98682	
9.07961	6.58798	7.96931	7.07906	10.0609	9.21456	13.0138	14.1476	12.462	10.1524	11.2685	9.10616	6.86375	3.80584	0	3.79613	
6.84149	6.00582	8.96591	9.14655	12.6129	11.7998	15.3996	17.0275	15.8318	13.6	14.3858	11.618	9.7266	5.98682	3.79613	0	

