3kpr	
CYS	ALA	SER	SER	LEU	GLY	GLN	ALA	TYR	GLU	GLN	TYR	PHE	
0	3.80291	6.9044	10.4539	14.0142	14.6949	14.0609	15.6446	14.9379	13.1067	9.32001	8.23039	5.66971	
3.80291	0	3.79401	6.88826	10.6043	11.4055	11.0205	12.2496	11.2029	9.37162	5.6252	5.10387	4.17927	
6.9044	3.79401	0	3.79904	7.12851	8.37479	9.01577	10.6901	9.26209	8.30286	5.41264	5.34318	6.7195	
10.4539	6.88826	3.79904	0	3.81813	5.25986	6.72199	7.80609	5.82296	5.80144	4.72984	6.22649	9.05696	
14.0142	10.6043	7.12851	3.81813	0	3.81842	7.16878	8.18827	5.96603	7.46722	8.03717	9.35731	12.5707	
14.6949	11.4055	8.37479	5.25986	3.81842	0	3.81041	5.66522	5.42039	8.26788	8.90943	11.3474	14.1225	
14.0609	11.0205	9.01577	6.72199	7.16878	3.81041	0	3.82495	5.92654	8.61489	8.7975	11.9752	14.0976	
15.6446	12.2496	10.6901	7.80609	8.18827	5.66522	3.82495	0	3.8196	6.80854	8.36696	11.9711	14.435	
14.9379	11.2029	9.26209	5.82296	5.96603	5.42039	5.92654	3.8196	0	3.81594	6.39965	9.50065	12.6181	
13.1067	9.37162	8.30286	5.80144	7.46722	8.26788	8.61489	6.80854	3.81594	0	3.79682	6.53776	9.67387	
9.32001	5.6252	5.41264	4.72984	8.03717	8.90943	8.7975	8.36696	6.39965	3.79682	0	3.80113	6.28029	
8.23039	5.10387	5.34318	6.22649	9.35731	11.3474	11.9752	11.9711	9.50065	6.53776	3.80113	0	3.79008	
5.66971	4.17927	6.7195	9.05696	12.5707	14.1225	14.0976	14.435	12.6181	9.67387	6.28029	3.79008	0	

