3kxf	
CYS	ALA	LEU	SER	GLY	PHE	TYR	ASN	THR	ASP	LYS	LEU	ILE	PHE	
0	3.82154	7.19019	10.54	14.1721	16.3965	18.9769	19.8989	20.0507	16.5504	14.2465	10.8062	8.90577	6.19431	
3.82154	0	3.83309	6.87456	10.6088	13.0109	15.3415	16.2131	16.2388	12.7304	10.508	7.0934	5.61191	4.25992	
7.19019	3.83309	0	3.80143	7.26469	10.1636	12.5709	14.0243	13.7456	10.0065	8.49446	5.92556	5.13649	6.36053	
10.54	6.87456	3.80143	0	3.78593	6.67244	8.78238	10.3261	10.2459	6.59928	6.13254	4.42199	6.0439	8.65361	
14.1721	10.6088	7.26469	3.78593	0	3.79353	5.78428	8.33468	8.29196	5.07861	6.86241	7.02004	9.24962	12.3043	
16.3965	13.0109	10.1636	6.67244	3.79353	0	3.79445	6.98902	8.49522	6.69481	9.33533	9.37093	12.3134	15.0784	
18.9769	15.3415	12.5709	8.78238	5.78428	3.79445	0	3.78912	5.40311	5.33881	8.80031	10.0827	13.3751	16.5594	
19.8989	16.2131	14.0243	10.3261	8.33468	6.98902	3.78912	0	3.80976	5.59537	8.35026	9.96769	13.5561	16.6694	
20.0507	16.2388	13.7456	10.2459	8.29196	8.49522	5.40311	3.80976	0	3.82375	6.61136	9.52189	12.5048	16.0383	
16.5504	12.7304	10.0065	6.59928	5.07861	6.69481	5.33881	5.59537	3.82375	0	3.80955	6.44101	9.19361	12.8107	
14.2465	10.508	8.49446	6.13254	6.86241	9.33533	8.80031	8.35026	6.61136	3.80955	0	3.81356	5.98467	9.6076	
10.8062	7.0934	5.92556	4.42199	7.02004	9.37093	10.0827	9.96769	9.52189	6.44101	3.81356	0	3.82279	6.71729	
8.90577	5.61191	5.13649	6.0439	9.24962	12.3134	13.3751	13.5561	12.5048	9.19361	5.98467	3.82279	0	3.82681	
6.19431	4.25992	6.36053	8.65361	12.3043	15.0784	16.5594	16.6694	16.0383	12.8107	9.6076	6.71729	3.82681	0	

