3kxf	
CYS	ALA	SER	PRO	GLY	LEU	ALA	GLY	GLU	TYR	GLU	GLN	TYR	PHE	
0	3.80076	7.04069	10.0039	13.5091	16.7917	17.3984	15.124	17.9996	17.5852	14.212	10.9987	8.25521	5.74472	
3.80076	0	3.79898	6.25716	9.88531	13.128	14.0797	12.0284	15.2646	15.2028	11.8707	9.16583	5.6448	4.77236	
7.04069	3.79898	0	3.83364	6.7873	10.4262	11.6162	10.4868	14.0134	13.6484	10.1417	8.5466	5.05381	6.62642	
10.0039	6.25716	3.83364	0	3.81109	6.98816	8.70002	7.71825	11.4926	11.9324	9.06273	8.34011	5.11564	7.91364	
13.5091	9.88531	6.7873	3.81109	0	3.82292	5.97838	6.73064	10.3362	10.6409	8.31239	9.24933	7.30229	10.8523	
16.7917	13.128	10.4262	6.98816	3.82292	0	3.82814	5.83008	8.73112	9.88337	8.94977	10.796	9.77415	13.379	
17.3984	14.0797	11.6162	8.70002	5.97838	3.82814	0	3.81155	5.62054	6.27516	6.25698	9.00742	9.41925	13.0454	
15.124	12.0284	10.4868	7.71825	6.73064	5.83008	3.81155	0	3.80864	5.41898	5.10113	6.51293	7.06504	10.213	
17.9996	15.2646	14.0134	11.4926	10.3362	8.73112	5.62054	3.80864	0	3.82405	6.15363	8.07943	9.96568	12.593	
17.5852	15.2028	13.6484	11.9324	10.6409	9.88337	6.27516	5.41898	3.82405	0	3.82032	6.7393	9.5691	12.2593	
14.212	11.8707	10.1417	9.06273	8.31239	8.94977	6.25698	5.10113	6.15363	3.82032	0	3.80917	6.33003	9.29435	
10.9987	9.16583	8.5466	8.34011	9.24933	10.796	9.00742	6.51293	8.07943	6.7393	3.80917	0	3.81623	5.73025	
8.25521	5.6448	5.05381	5.11564	7.30229	9.77415	9.41925	7.06504	9.96568	9.5691	6.33003	3.81623	0	3.80913	
5.74472	4.77236	6.62642	7.91364	10.8523	13.379	13.0454	10.213	12.593	12.2593	9.29435	5.73025	3.80913	0	

