3mv9	
CYS	ALA	VAL	GLN	ASP	LEU	GLY	THR	SER	GLY	SER	ARG	LEU	THR	PHE	
0	3.86025	7.18854	10.7731	13.5836	17.1309	18.6255	18.1396	19.6504	18.1583	14.9064	13.0123	9.29554	8.38649	5.61058	
3.86025	0	3.8367	7.05795	10.1367	13.7029	15.1249	14.3825	15.7936	14.3607	11.2369	9.34091	5.69348	5.38251	4.30137	
7.18854	3.8367	0	3.88007	6.41714	9.97541	11.5537	11.3058	13.0485	12.2897	9.64062	8.34811	5.5873	5.68725	6.91181	
10.7731	7.05795	3.88007	0	3.84572	6.97366	8.67354	7.93036	9.27013	8.66174	6.48224	6.03806	5.20949	6.79219	9.39573	
13.5836	10.1367	6.41714	3.84572	0	3.82302	5.30297	6.05758	8.4498	9.44176	8.68647	8.66298	8.56615	9.20164	12.1791	
17.1309	13.7029	9.97541	6.97366	3.82302	0	3.81426	5.6973	7.46109	9.40037	9.71844	10.8519	11.7263	12.8339	15.9203	
18.6255	15.1249	11.5537	8.67354	5.30297	3.81426	0	3.79497	6.87477	9.81607	11.0461	11.3332	12.4907	12.9234	16.4138	
18.1396	14.3825	11.3058	7.93036	6.05758	5.6973	3.79497	0	3.78389	6.60198	8.38608	8.47766	10.4877	11.4468	15.164	
19.6504	15.7936	13.0485	9.27013	8.4498	7.46109	6.87477	3.78389	0	3.78926	6.86631	8.19629	11.2242	13.1756	16.7463	
18.1583	14.3607	12.2897	8.66174	9.44176	9.40037	9.81607	6.60198	3.78926	0	3.78073	5.8728	9.39379	12.1653	15.3456	
14.9064	11.2369	9.64062	6.48224	8.68647	9.71844	11.0461	8.38608	6.86631	3.78073	0	3.80034	6.66092	10.0424	12.6737	
13.0123	9.34091	8.34811	6.03806	8.66298	10.8519	11.3332	8.47766	8.19629	5.8728	3.80034	0	3.79766	6.81304	9.66158	
9.29554	5.69348	5.5873	5.20949	8.56615	11.7263	12.4907	10.4877	11.2242	9.39379	6.66092	3.79766	0	3.75495	6.03728	
8.38649	5.38251	5.68725	6.79219	9.20164	12.8339	12.9234	11.4468	13.1756	12.1653	10.0424	6.81304	3.75495	0	3.81769	
5.61058	4.30137	6.91181	9.39573	12.1791	15.9203	16.4138	15.164	16.7463	15.3456	12.6737	9.66158	6.03728	3.81769	0	

