3qdj	
CYS	ALA	VAL	ASN	PHE	GLY	GLY	GLY	LYS	LEU	ILE	PHE	
0	3.81308	6.73683	10.3019	12.8959	15.8879	17.4053	15.9311	13.7117	10.2922	8.47376	5.63722	
3.81308	0	3.7686	6.79464	9.63424	12.3761	13.6434	12.1348	10.0651	6.55822	5.47577	4.16746	
6.73683	3.7686	0	3.79358	6.39324	9.2481	11.2433	10.6677	8.37949	5.75051	5.41705	6.32486	
10.3019	6.79464	3.79358	0	3.76623	5.66317	7.49164	7.46303	5.73083	4.29347	6.09961	8.67721	
12.8959	9.63424	6.39324	3.76623	0	3.80967	6.79597	7.58285	5.05504	6.05752	7.05906	10.3316	
15.8879	12.3761	9.2481	5.66317	3.80967	0	3.79317	6.33295	5.79114	7.73347	10.0278	13.4694	
17.4053	13.6434	11.2433	7.49164	6.79597	3.79317	0	3.78723	5.64172	7.91018	11.0711	14.5757	
15.9311	12.1348	10.6677	7.46303	7.58285	6.33295	3.78723	0	3.80052	5.75186	9.07219	12.4427	
13.7117	10.0651	8.37949	5.73083	5.05504	5.79114	5.64172	3.80052	0	3.80752	5.98713	9.70749	
10.2922	6.55822	5.75051	4.29347	6.05752	7.73347	7.91018	5.75186	3.80752	0	3.8123	6.83619	
8.47376	5.47577	5.41705	6.09961	7.05906	10.0278	11.0711	9.07219	5.98713	3.8123	0	3.80595	
5.63722	4.16746	6.32486	8.67721	10.3316	13.4694	14.5757	12.4427	9.70749	6.83619	3.80595	0	

