3t0e	
CYS	SER	ALA	ARG	GLY	GLY	SER	TYR	ASN	SER	PRO	LEU	HIS	PHE	
0	3.8083	7.11652	10.5564	14.0433	15.5519	16.6651	17.7018	17.751	15.5996	13.9165	10.2504	8.77902	6.06545	
3.8083	0	3.81134	6.96732	10.471	12.1409	13.4344	14.4589	14.2525	11.8779	10.2137	6.66288	5.38575	4.09166	
7.11652	3.81134	0	3.80054	6.96455	8.91473	10.9373	12.6913	12.6828	9.7052	8.78869	6.19531	5.10699	6.28845	
10.5564	6.96732	3.80054	0	3.78317	5.33492	7.49904	9.38347	9.41881	6.25078	6.45785	5.29567	6.061	8.79332	
14.0433	10.471	6.96455	3.78317	0	3.76706	7.21623	9.57718	9.3789	5.78892	6.97344	7.74682	8.31283	11.6546	
15.5519	12.1409	8.91473	5.33492	3.76706	0	3.78178	6.93274	8.05547	5.54229	8.38461	9.2323	10.9386	14.0428	
16.6651	13.4344	10.9373	7.49904	7.21623	3.78178	0	3.78787	6.43291	5.84856	9.27778	10.0522	12.7337	15.5619	
17.7018	14.4589	12.6913	9.38347	9.57718	6.93274	3.78787	0	3.78496	5.55783	8.75133	9.90724	13.2987	16.0554	
17.751	14.2525	12.6828	9.41881	9.3789	8.05547	6.43291	3.78496	0	3.7683	6.20114	8.39117	11.8218	14.8663	
15.5996	11.8779	9.7052	6.25078	5.78892	5.54229	5.84856	5.55783	3.7683	0	3.80716	6.24145	9.01694	12.4507	
13.9165	10.2137	8.78869	6.45785	6.97344	8.38461	9.27778	8.75133	6.20114	3.80716	0	3.7908	6.20851	9.65829	
10.2504	6.66288	6.19531	5.29567	7.74682	9.2323	10.0522	9.90724	8.39117	6.24145	3.7908	0	3.79111	6.47748	
8.77902	5.38575	5.10699	6.061	8.31283	10.9386	12.7337	13.2987	11.8218	9.01694	6.20851	3.79111	0	3.83091	
6.06545	4.09166	6.28845	8.79332	11.6546	14.0428	15.5619	16.0554	14.8663	12.4507	9.65829	6.47748	3.83091	0	

