3vxm	
CYS	ALA	VAL	GLY	ALA	PRO	SER	GLY	ALA	GLY	SER	TYR	GLN	LEU	THR	PHE	
0	3.77751	7.1091	10.2455	13.4208	16.8491	17.6436	20.9766	22.6883	21.4604	19.8599	16.2236	13.3964	9.70798	8.57349	6.04825	
3.77751	0	3.7587	6.68239	9.80179	13.1219	13.9287	17.3485	18.952	17.6882	16.1239	12.5112	9.72106	6.14045	5.36085	4.39515	
7.1091	3.7587	0	3.7841	6.38346	9.9709	11.3906	14.7817	16.4685	14.7862	13.7019	10.0879	8.08531	5.54925	5.29099	6.71271	
10.2455	6.68239	3.7841	0	3.784	7.20365	9.22194	12.8788	13.8665	11.7769	10.3578	6.63039	5.51992	4.66971	6.57156	9.11745	
13.4208	9.80179	6.38346	3.784	0	3.83012	6.54228	9.8431	11.0667	8.72462	8.35775	5.32346	5.74146	6.80801	8.063	11.4084	
16.8491	13.1219	9.9709	7.20365	3.83012	0	3.79252	6.65142	7.42091	4.95789	5.4928	4.19269	6.13867	8.81999	10.1987	13.9143	
17.6436	13.9287	11.3906	9.22194	6.54228	3.79252	0	3.81452	5.23127	5.06547	5.63204	5.57668	6.08299	8.93241	9.72346	13.5049	
20.9766	17.3485	14.7817	12.8788	9.8431	6.65142	3.81452	0	3.81191	5.47732	7.66899	8.98219	9.80208	12.5667	12.8228	16.5137	
22.6883	18.952	16.4685	13.8665	11.0667	7.42091	5.23127	3.81191	0	3.8081	5.56394	8.34478	10.0309	13.4792	14.6749	18.3685	
21.4604	17.6882	14.7862	11.7769	8.72462	4.95789	5.06547	5.47732	3.8081	0	3.79727	6.24585	9.06222	12.5779	14.232	17.9978	
19.8599	16.1239	13.7019	10.3578	8.35775	5.4928	5.63204	7.66899	5.56394	3.79727	0	3.79257	6.74545	10.5182	12.9635	16.5001	
16.2236	12.5112	10.0879	6.63039	5.32346	4.19269	5.57668	8.98219	8.34478	6.24585	3.79257	0	3.79591	7.23408	9.98338	13.3856	
13.3964	9.72106	8.08531	5.51992	5.74146	6.13867	6.08299	9.80208	10.0309	9.06222	6.74545	3.79591	0	3.79977	6.64026	9.89128	
9.70798	6.14045	5.54925	4.66971	6.80801	8.81999	8.93241	12.5667	13.4792	12.5779	10.5182	7.23408	3.79977	0	3.78992	6.3558	
8.57349	5.36085	5.29099	6.57156	8.063	10.1987	9.72346	12.8228	14.6749	14.232	12.9635	9.98338	6.64026	3.78992	0	3.80808	
6.04825	4.39515	6.71271	9.11745	11.4084	13.9143	13.5049	16.5137	18.3685	17.9978	16.5001	13.3856	9.89128	6.3558	3.80808	0	

