3w0w	
CYS	ALA	SER	SER	GLY	ALA	SER	HIS	GLU	GLN	TYR	PHE	
0	3.81484	7.13943	10.7619	14.3155	17.6943	17.4695	14.8418	13.2284	9.44416	8.43142	5.85378	
3.81484	0	3.79374	7.10076	10.7728	14.0337	13.6596	11.1317	9.51197	5.77762	5.29659	4.37315	
7.13943	3.79374	0	3.81647	7.18524	10.6765	10.9517	8.78237	8.01303	5.14725	5.55258	6.88618	
10.7619	7.10076	3.81647	0	3.78406	6.95333	7.23401	5.37614	5.49222	4.596	6.46532	9.27247	
14.3155	10.7728	7.18524	3.78406	0	3.78672	5.67495	5.50304	7.10327	7.90082	9.5996	12.7566	
17.6943	14.0337	10.6765	6.95333	3.78672	0	3.81425	5.23244	7.91849	10.1177	12.3329	15.7561	
17.4695	13.6596	10.9517	7.23401	5.67495	3.81425	0	3.79952	5.36447	8.60569	10.8944	14.5058	
14.8418	11.1317	8.78237	5.37614	5.50304	5.23244	3.79952	0	3.81182	6.26727	9.49962	12.6486	
13.2284	9.51197	8.01303	5.49222	7.10327	7.91849	5.36447	3.81182	0	3.79574	6.52895	9.81567	
9.44416	5.77762	5.14725	4.596	7.90082	10.1177	8.60569	6.26727	3.79574	0	3.80056	6.44037	
8.43142	5.29659	5.55258	6.46532	9.5996	12.3329	10.8944	9.49962	6.52895	3.80056	0	3.76506	
5.85378	4.37315	6.88618	9.27247	12.7566	15.7561	14.5058	12.6486	9.81567	6.44037	3.76506	0	

