4eup	
CYS	ALA	VAL	SER	GLY	GLY	GLY	ALA	ASP	GLY	LEU	THR	PHE	
0	3.8014	7.08363	10.6121	12.5807	15.8096	17.6063	18.9027	15.5946	13.5688	9.84036	8.43597	5.74654	
3.8014	0	3.81596	6.94373	9.05811	12.1637	13.9704	15.1821	11.8497	10.0514	6.33216	5.77325	4.56731	
7.08363	3.81596	0	3.83012	6.15271	8.92261	11.3226	13.1066	10.0788	8.84817	5.58685	5.39711	6.65423	
10.6121	6.94373	3.83012	0	3.82153	5.50162	8.16818	9.72839	6.80107	6.6809	4.87927	6.61826	9.09517	
12.5807	9.05811	6.15271	3.82153	0	3.8408	5.33209	7.93182	6.28643	5.18702	4.79263	5.83042	9.40153	
15.8096	12.1637	8.92261	5.50162	3.8408	0	3.8302	6.41754	5.80501	6.90059	7.87885	9.64529	13.1202	
17.6063	13.9704	11.3226	8.16818	5.33209	3.8302	0	3.85212	5.28961	5.83227	8.36285	10.2143	13.8125	
18.9027	15.1821	13.1066	9.72839	7.93182	6.41754	3.85212	0	3.84077	5.8372	9.22869	12.0254	15.1431	
15.5946	11.8497	10.0788	6.80107	6.28643	5.80501	5.28961	3.84077	0	3.81334	6.35435	9.7512	12.4377	
13.5688	10.0514	8.84817	6.6809	5.18702	6.90059	5.83227	5.8372	3.81334	0	3.75297	6.68779	9.41883	
9.84036	6.33216	5.58685	4.87927	4.79263	7.87885	8.36285	9.22869	6.35435	3.75297	0	3.76322	6.09998	
8.43597	5.77325	5.39711	6.61826	5.83042	9.64529	10.2143	12.0254	9.7512	6.68779	3.76322	0	3.81297	
5.74654	4.56731	6.65423	9.09517	9.40153	13.1202	13.8125	15.1431	12.4377	9.41883	6.09998	3.81297	0	

