4ftv	
CYS	ALA	VAL	THR	THR	ASP	SER	TRP	GLY	LYS	LEU	GLN	PHE	
0	3.82053	6.8872	10.6058	14.0969	16.3408	17.8248	18.4781	15.6782	13.6885	10.0342	8.23556	5.77606	
3.82053	0	3.8167	7.10162	10.7981	12.7597	14.1054	14.6613	11.9443	10.0857	6.38988	5.39661	4.40369	
6.8872	3.8167	0	3.85293	7.21633	9.72475	11.855	12.4644	9.48057	8.62809	5.69439	4.98573	6.51842	
10.6058	7.10162	3.85293	0	3.81075	5.97856	8.34537	8.87863	6.021	6.42777	4.98165	6.1533	9.05576	
14.0969	10.7981	7.21633	3.81075	0	3.81983	7.45034	8.02069	5.60304	7.92028	8.11029	9.26635	12.5676	
16.3408	12.7597	9.72475	5.97856	3.81983	0	3.87277	5.3941	5.00742	8.23876	9.10059	11.482	14.673	
17.8248	14.1054	11.855	8.34537	7.45034	3.87277	0	3.79783	5.87716	8.63141	9.7813	13.0266	15.8884	
18.4781	14.6613	12.4644	8.87863	8.02069	5.3941	3.79783	0	3.80821	6.56908	9.08544	12.1987	15.3854	
15.6782	11.9443	9.48057	6.021	5.60304	5.00742	5.87716	3.80821	0	3.79944	6.36824	8.83464	12.3274	
13.6885	10.0857	8.62809	6.42777	7.92028	8.23876	8.63141	6.56908	3.79944	0	3.7888	6.25379	9.43185	
10.0342	6.38988	5.69439	4.98165	8.11029	9.10059	9.7813	9.08544	6.36824	3.7888	0	3.80232	6.33487	
8.23556	5.39661	4.98573	6.1533	9.26635	11.482	13.0266	12.1987	8.83464	6.25379	3.80232	0	3.80629	
5.77606	4.40369	6.51842	9.05576	12.5676	14.673	15.8884	15.3854	12.3274	9.43185	6.33487	3.80629	0	

