4grl	
CYS	ALA	ALA	SER	SER	PHE	GLY	ASN	GLU	LYS	LEU	THR	PHE	
0	3.77886	6.9967	10.4859	13.9671	17.1433	19.0111	16.496	14.8161	13.1805	9.43756	8.6832	6.0693	
3.77886	0	3.80955	7.03343	10.6742	13.9282	15.4568	12.7741	11.2121	9.52929	5.8329	5.38602	4.2311	
6.9967	3.80955	0	3.80603	7.06572	10.5077	12.2034	9.93007	8.99188	8.32252	5.54041	5.62731	6.76748	
10.4859	7.03343	3.80603	0	3.81136	6.98309	8.53378	6.4832	5.55183	6.14971	5.20244	6.86844	9.37072	
13.9671	10.6742	7.06572	3.81136	0	3.79807	5.61306	5.1026	5.87583	8.04451	8.52722	9.95243	12.8557	
17.1433	13.9282	10.5077	6.98309	3.79807	0	3.79425	5.73107	6.39122	9.78171	11.2127	13.2876	16.26	
19.0111	15.4568	12.2034	8.53378	5.61306	3.79425	0	3.76201	6.05416	9.14842	11.5843	13.4513	16.9142	
16.496	12.7741	9.93007	6.4832	5.1026	5.73107	3.76201	0	3.76153	5.73116	8.31089	10.0299	13.6307	
14.8161	11.2121	8.99188	5.55183	5.87583	6.39122	6.05416	3.76153	0	3.8156	6.43518	9.37708	12.4945	
13.1805	9.52929	8.32252	6.14971	8.04451	9.78171	9.14842	5.73116	3.8156	0	3.78952	6.55416	9.677	
9.43756	5.8329	5.54041	5.20244	8.52722	11.2127	11.5843	8.31089	6.43518	3.78952	0	3.76661	6.19034	
8.6832	5.38602	5.62731	6.86844	9.95243	13.2876	13.4513	10.0299	9.37708	6.55416	3.76661	0	3.79441	
6.0693	4.2311	6.76748	9.37072	12.8557	16.26	16.9142	13.6307	12.4945	9.677	6.19034	3.79441	0	

