4l4v	
CYS	ALA	SER	SER	VAL	TRP	THR	GLY	GLU	GLY	SER	GLY	GLU	LEU	PHE	PHE	
0	3.79552	7.10097	10.7387	14.1269	15.114	15.0996	18.3094	19.2653	19.6987	19.1432	16.1109	13.4806	9.69368	8.50522	5.84173	
3.79552	0	3.78488	7.12468	10.6931	11.8722	12.0875	15.3683	15.8855	16.2869	15.513	12.3643	9.82321	6.08187	5.31266	4.20217	
7.10097	3.78488	0	3.82651	7.03149	8.50914	9.56441	13.1712	13.469	14.4843	13.6876	10.1374	8.5196	5.56163	5.28251	6.61603	
10.7387	7.12468	3.82651	0	3.84288	5.43918	7.03901	10.5034	10.1286	11.3203	10.412	6.71756	6.23058	5.05119	6.3371	9.13632	
14.1269	10.6931	7.03149	3.84288	0	3.87792	7.26119	10.4571	9.59829	11.5876	10.6491	7.06934	8.26088	8.43663	9.34926	12.5142	
15.114	11.8722	8.50914	5.43918	3.87792	0	3.84736	6.96586	7.01583	9.8383	10.2218	7.39179	9.39278	9.77503	11.7398	14.4886	
15.0996	12.0875	9.56441	7.03901	7.26119	3.84736	0	3.80588	5.40903	8.08872	9.68543	7.79148	9.60927	9.95777	12.7903	15.0256	
18.3094	15.3683	13.1712	10.5034	10.4571	6.96586	3.80588	0	3.78063	6.55467	9.43344	9.06286	11.4755	12.5988	15.8661	18.1123	
19.2653	15.8855	13.469	10.1286	9.59829	7.01583	5.40903	3.78063	0	3.77355	6.18882	6.4788	9.66001	11.827	15.0951	17.8942	
19.6987	16.2869	14.4843	11.3203	11.5876	9.8383	8.08872	6.55467	3.77355	0	3.78189	6.00693	8.61278	11.3799	14.9241	17.6205	
19.1432	15.513	13.6876	10.412	10.6491	10.2218	9.68543	9.43344	6.18882	3.78189	0	3.83182	6.32174	9.84426	12.9827	16.0414	
16.1109	12.3643	10.1374	6.71756	7.06934	7.39179	7.79148	9.06286	6.4788	6.00693	3.83182	0	3.81292	6.95336	9.79049	13.0942	
13.4806	9.82321	8.5196	6.23058	8.26088	9.39278	9.60927	11.4755	9.66001	8.61278	6.32174	3.81292	0	3.80164	6.7192	9.77985	
9.69368	6.08187	5.56163	5.05119	8.43663	9.77503	9.95777	12.5988	11.827	11.3799	9.84426	6.95336	3.80164	0	3.82447	6.2917	
8.50522	5.31266	5.28251	6.3371	9.34926	11.7398	12.7903	15.8661	15.0951	14.9241	12.9827	9.79049	6.7192	3.82447	0	3.8139	
5.84173	4.20217	6.61603	9.13632	12.5142	14.4886	15.0256	18.1123	17.8942	17.6205	16.0414	13.0942	9.77985	6.2917	3.8139	0	

