4nqc	
CYS	ALA	VAL	LYS	ASP	SER	ASN	TYR	GLN	LEU	ILE	TRP	
0	3.89529	7.03587	10.5499	13.2216	16.9969	17.7794	15.1999	13.5434	9.93904	8.52411	6.0799	
3.89529	0	3.79735	6.89218	9.72888	13.5169	13.9855	11.3556	9.68208	6.12606	5.34701	4.3232	
7.03587	3.79735	0	3.81821	6.29237	9.98388	11.0546	8.76684	7.86668	5.42313	5.20414	6.68709	
10.5499	6.89218	3.81821	0	3.83803	7.0376	7.65462	5.03558	5.22146	4.51029	6.35174	9.03578	
13.2216	9.72888	6.29237	3.83803	0	3.88894	5.38213	5.0159	5.38301	6.64478	7.42368	10.9213	
16.9969	13.5169	9.98388	7.0376	3.88894	0	3.86377	5.56543	7.49773	9.9363	11.1308	14.7403	
17.7794	13.9855	11.0546	7.65462	5.38213	3.86377	0	3.8636	5.48323	8.95376	10.8428	14.5071	
15.1999	11.3556	8.76684	5.03558	5.0159	5.56543	3.8636	0	3.81281	6.41938	9.29294	12.4922	
13.5434	9.68208	7.86668	5.22146	5.38301	7.49773	5.48323	3.81281	0	3.81053	6.31989	9.61059	
9.93904	6.12606	5.42313	4.51029	6.64478	9.9363	8.95376	6.41938	3.81053	0	3.81492	6.25053	
8.52411	5.34701	5.20414	6.35174	7.42368	11.1308	10.8428	9.29294	6.31989	3.81492	0	3.82074	
6.0799	4.3232	6.68709	9.03578	10.9213	14.7403	14.5071	12.4922	9.61059	6.25053	3.82074	0	

