4nqd	
CYS	ALA	SER	SER	VAL	TRP	THR	GLY	GLU	GLY	SER	GLY	GLU	LEU	PHE	PHE	
0	3.78919	7.09505	10.7682	14.1465	15.2623	15.2101	18.4755	19.4151	19.6515	19.2763	16.0444	13.4847	9.68703	8.55921	5.93617	
3.78919	0	3.80756	7.18056	10.7613	12.031	12.2063	15.4999	16.0055	16.2157	15.6153	12.3026	9.80296	6.0425	5.40829	4.28221	
7.09505	3.80756	0	3.83677	7.06161	8.6365	9.64307	13.2411	13.5465	14.4087	13.7109	10.023	8.42277	5.42269	5.25559	6.5989	
10.7682	7.18056	3.83677	0	3.8671	5.5088	7.12124	10.5344	10.1807	11.2818	10.4208	6.60404	6.14179	4.98945	6.37288	9.15968	
14.1465	10.7613	7.06161	3.8671	0	3.88211	7.31331	10.4436	9.65674	11.6564	10.6541	7.06254	8.23445	8.40631	9.35043	12.5215	
15.2623	12.031	8.6365	5.5088	3.88211	0	3.87715	6.8997	7.01236	9.81159	10.1062	7.10424	9.30256	9.83775	11.8385	14.6062	
15.2101	12.2063	9.64307	7.12124	7.31331	3.87715	0	3.82132	5.60311	8.18063	9.79324	7.55266	9.65572	10.1699	13.0015	15.2097	
18.4755	15.4999	13.2411	10.5344	10.4436	6.8997	3.82132	0	3.86789	6.58333	9.4118	8.69265	11.4483	12.7995	16.059	18.3014	
19.4151	16.0055	13.5465	10.1807	9.65674	7.01236	5.60311	3.86789	0	3.80377	6.0299	6.13093	9.5889	11.9737	15.2452	18.0229	
19.6515	16.2157	14.4087	11.2818	11.6564	9.81159	8.18063	6.58333	3.80377	0	3.80668	5.77012	8.50805	11.4293	15.0007	17.6091	
19.2763	15.6153	13.7109	10.4208	10.6541	10.1062	9.79324	9.4118	6.0299	3.80668	0	3.85216	6.39717	10.0293	13.176	16.1847	
16.0444	12.3026	10.023	6.60404	7.06254	7.10424	7.55266	8.69265	6.13093	5.77012	3.85216	0	3.86856	7.0041	9.96977	13.159	
13.4847	9.80296	8.42277	6.14179	8.23445	9.30256	9.65572	11.4483	9.5889	8.50805	6.39717	3.86856	0	3.83498	6.85559	9.82172	
9.68703	6.0425	5.42269	4.98945	8.40631	9.83775	10.1699	12.7995	11.9737	11.4293	10.0293	7.0041	3.83498	0	3.83231	6.24687	
8.55921	5.40829	5.25559	6.37288	9.35043	11.8385	13.0015	16.059	15.2452	15.0007	13.176	9.96977	6.85559	3.83231	0	3.80302	
5.93617	4.28221	6.5989	9.15968	12.5215	14.6062	15.2097	18.3014	18.0229	17.6091	16.1847	13.159	9.82172	6.24687	3.80302	0	

