4ozg	
CYS	ALA	SER	SER	PHE	ARG	PHE	THR	ASP	THR	GLN	TYR	PHE	
0	3.82026	6.98183	10.5368	13.6912	15.007	14.2671	15.4	14.7825	13.3181	9.55974	8.4791	5.69586	
3.82026	0	3.80896	6.94712	10.3625	11.8238	11.3026	12.1227	11.0953	9.53468	5.80923	5.25746	4.07248	
6.98183	3.80896	0	3.81873	6.7185	8.48955	8.8494	10.3167	8.8493	8.08239	5.21653	5.47083	6.6206	
10.5368	6.94712	3.81873	0	3.79347	5.49929	6.42275	7.42435	5.28181	5.29198	4.3227	6.31957	9.03269	
13.6912	10.3625	6.7185	3.79347	0	3.73278	6.77305	8.43864	6.06107	7.33736	7.80286	9.31838	12.3117	
15.007	11.8238	8.48955	5.49929	3.73278	0	3.76918	6.20048	5.4936	8.38623	9.24459	11.7733	14.4671	
14.2671	11.3026	8.8494	6.42275	6.77305	3.76918	0	3.80933	5.46799	8.53114	8.99581	12.2161	14.3605	
15.4	12.1227	10.3167	7.42435	8.43864	6.20048	3.80933	0	3.7963	6.83372	8.33928	12.0547	14.4718	
14.7825	11.0953	8.8493	5.28181	6.06107	5.4936	5.46799	3.7963	0	3.77494	6.26985	9.59918	12.7111	
13.3181	9.53468	8.08239	5.29198	7.33736	8.38623	8.53114	6.83372	3.77494	0	3.79287	6.69634	10.0323	
9.55974	5.80923	5.21653	4.3227	7.80286	9.24459	8.99581	8.33928	6.26985	3.79287	0	3.81843	6.51693	
8.4791	5.25746	5.47083	6.31957	9.31838	11.7733	12.2161	12.0547	9.59918	6.69634	3.81843	0	3.85945	
5.69586	4.07248	6.6206	9.03269	12.3117	14.4671	14.3605	14.4718	12.7111	10.0323	6.51693	3.85945	0	

