4p4k	
CYS	ALA	LEU	SER	LEU	TYR	SER	GLY	ALA	GLY	SER	TYR	GLN	LEU	THR	PHE	
0	3.79188	7.25281	10.5059	13.6318	17.2107	18.5236	22.1485	24.4665	22.419	19.4138	15.7214	13.5054	9.81768	8.47374	5.79566	
3.79188	0	3.80342	6.8276	9.97003	13.47	14.7638	18.3641	20.6934	18.7113	15.7023	11.9753	9.82707	6.26769	5.44085	4.36593	
7.25281	3.80342	0	3.77847	6.42747	10.1163	11.8763	15.4008	17.9368	15.9598	13.2969	9.51231	7.92215	5.41829	5.00838	6.51403	
10.5059	6.8276	3.77847	0	3.78698	6.90453	8.9964	12.2181	14.4296	12.2348	9.71665	6.0129	5.59235	4.77697	6.54475	9.10068	
13.6318	9.97003	6.42747	3.78698	0	3.81519	6.27486	9.40987	12.1761	10.5201	8.50793	5.32743	5.62591	6.82623	7.98289	11.3834	
17.2107	13.47	10.1163	6.90453	3.81519	0	3.80289	5.909	8.55181	7.14692	5.88705	4.36719	6.46769	9.21086	11.0196	14.6007	
18.5236	14.7638	11.8763	8.9964	6.27486	3.80289	0	3.8161	7.1116	7.33974	5.27635	4.84698	5.80773	9.37611	11.1157	14.8284	
22.1485	18.3641	15.4008	12.2181	9.40987	5.909	3.8161	0	3.83465	5.52057	5.40684	7.24476	9.22521	12.9255	14.913	18.5906	
24.4665	20.6934	17.9368	14.4296	12.1761	8.55181	7.1116	3.83465	0	3.83332	5.45807	8.79675	11.4559	15.1373	17.7043	21.1789	
22.419	18.7113	15.9598	12.2348	10.5201	7.14692	7.33974	5.52057	3.83332	0	3.836	6.97631	10.4491	13.717	16.6401	19.9078	
19.4138	15.7023	13.2969	9.71665	8.50793	5.88705	5.27635	5.40684	5.45807	3.836	0	3.7974	6.90323	10.2502	13.3218	16.4891	
15.7214	11.9753	9.51231	6.0129	5.32743	4.36719	4.84698	7.24476	8.79675	6.97631	3.7974	0	3.78241	6.75187	9.77691	12.9357	
13.5054	9.82707	7.92215	5.59235	5.62591	6.46769	5.80773	9.22521	11.4559	10.4491	6.90323	3.78241	0	3.79232	6.52059	9.75283	
9.81768	6.26769	5.41829	4.77697	6.82623	9.21086	9.37611	12.9255	15.1373	13.717	10.2502	6.75187	3.79232	0	3.80387	6.27026	
8.47374	5.44085	5.00838	6.54475	7.98289	11.0196	11.1157	14.913	17.7043	16.6401	13.3218	9.77691	6.52059	3.80387	0	3.83136	
5.79566	4.36593	6.51403	9.10068	11.3834	14.6007	14.8284	18.5906	21.1789	19.9078	16.4891	12.9357	9.75283	6.27026	3.83136	0	

