4pj8	
CYS	SER	ALA	ARG	THR	SER	GLY	ASP	PHE	GLY	GLU	GLN	PHE	PHE	
0	3.76903	7.04743	10.3971	13.6041	16.5395	18.671	19.1124	18.7327	14.9533	13.4881	9.75576	8.39494	5.68595	
3.76903	0	3.83132	6.75893	10.0159	13.1273	15.0004	15.4333	15.006	11.2559	9.83425	6.13483	5.46996	4.34848	
7.04743	3.83132	0	3.82638	6.7325	9.49433	11.8149	12.7412	12.9888	9.48603	8.48006	5.40468	5.14163	6.46563	
10.3971	6.75893	3.82638	0	3.87874	6.72337	8.33263	8.9381	9.29107	5.93595	5.8413	4.33952	6.30572	8.91228	
13.6041	10.0159	6.7325	3.87874	0	3.85578	5.3845	7.45185	8.08096	6.10891	5.75815	6.18349	7.55112	11.0425	
16.5395	13.1273	9.49433	6.72337	3.85578	0	3.8595	6.62642	8.90868	8.11728	9.04198	9.91344	11.2607	14.6343	
18.671	15.0004	11.8149	8.33263	5.3845	3.8595	0	3.79395	5.85376	6.68221	8.20462	10.4487	12.5931	16.1626	
19.1124	15.4333	12.7412	8.9381	7.45185	6.62642	3.79395	0	3.92472	5.36557	8.39698	10.8669	13.8834	17.1039	
18.7327	15.006	12.9888	9.29107	8.08096	8.90868	5.85376	3.92472	0	3.84237	6.23565	9.52809	12.8055	15.9487	
14.9533	11.2559	9.48603	5.93595	6.10891	8.11728	6.68221	5.36557	3.84237	0	3.80711	6.15282	9.73106	12.5738	
13.4881	9.83425	8.48006	5.8413	5.75815	9.04198	8.20462	8.39698	6.23565	3.80711	0	3.74692	6.82305	9.89564	
9.75576	6.13483	5.40468	4.33952	6.18349	9.91344	10.4487	10.8669	9.52809	6.15282	3.74692	0	3.85498	6.44586	
8.39494	5.46996	5.14163	6.30572	7.55112	11.2607	12.5931	13.8834	12.8055	9.73106	6.82305	3.85498	0	3.80442	
5.68595	4.34848	6.46563	8.91228	11.0425	14.6343	16.1626	17.1039	15.9487	12.5738	9.89564	6.44586	3.80442	0	

