4pja	
CYS	ALA	SER	THR	LEU	GLY	GLN	GLU	GLY	GLN	PRO	GLN	HIS	PHE	
0	3.79449	7.05487	10.671	14.035	15.7175	15.6308	18.3948	16.6241	15.4888	13.3973	9.58402	8.29597	5.78481	
3.79449	0	3.78689	7.07521	10.592	12.3015	12.435	14.9736	13.0776	11.7166	9.71721	5.94812	5.19062	4.34373	
7.05487	3.78689	0	3.85573	6.98204	9.0323	9.95296	12.7141	11.3749	9.44795	8.42977	5.47198	5.2297	6.75396	
10.671	7.07521	3.85573	0	3.79654	5.47792	6.88894	9.25389	8.15541	5.95127	6.20679	4.99879	6.53034	9.38105	
14.035	10.592	6.98204	3.79654	0	3.76206	7.0738	9.01356	8.90831	6.10563	7.85631	8.15923	9.2593	12.5334	
15.7175	12.3015	9.0323	5.47792	3.76206	0	3.82353	5.80764	7.01848	5.74461	8.77414	9.53673	11.7501	14.815	
15.6308	12.435	9.95296	6.88894	7.0738	3.82353	0	3.85742	5.72141	6.64618	9.44394	9.86872	12.8577	15.3889	
18.3948	14.9736	12.7141	9.25389	9.01356	5.80764	3.85742	0	3.80677	6.04146	9.36214	11.0649	14.4227	17.2478	
16.6241	13.0776	11.3749	8.15541	8.90831	7.01848	5.72141	3.80677	0	3.81018	6.15642	8.27831	11.8491	14.6354	
15.4888	11.7166	9.44795	5.95127	6.10563	5.74461	6.64618	6.04146	3.81018	0	3.86169	6.5632	9.43021	12.7929	
13.3973	9.71721	8.42977	6.20679	7.85631	8.77414	9.44394	9.36214	6.15642	3.86169	0	3.82272	6.53887	9.73854	
9.58402	5.94812	5.47198	4.99879	8.15923	9.53673	9.86872	11.0649	8.27831	6.5632	3.82272	0	3.80801	6.40025	
8.29597	5.19062	5.2297	6.53034	9.2593	11.7501	12.8577	14.4227	11.8491	9.43021	6.53887	3.80801	0	3.80467	
5.78481	4.34373	6.75396	9.38105	12.5334	14.815	15.3889	17.2478	14.6354	12.7929	9.73854	6.40025	3.80467	0	

