4pja	
CYS	ALA	GLY	MET	ASP	SER	ASN	TYR	GLN	LEU	ILE	TRP	
0	3.83315	6.88556	10.405	13.4333	16.9811	17.8899	15.4659	13.5687	9.99158	8.58155	6.19783	
3.83315	0	3.76604	6.82313	9.95572	13.5529	14.1618	11.6698	9.77605	6.25707	5.54461	4.44529	
6.88556	3.76604	0	3.78989	6.69748	10.1086	11.3485	9.28457	8.07311	5.59776	5.2779	6.66337	
10.405	6.82313	3.78989	0	3.8731	6.94845	7.8477	5.58868	5.33221	4.59429	6.25363	8.8697	
13.4333	9.95572	6.69748	3.8731	0	3.85071	5.11144	5.03421	5.00772	6.3909	7.31917	10.8658	
16.9811	13.5529	10.1086	6.94845	3.85071	0	3.88496	5.59251	7.45127	9.82637	11.1343	14.7061	
17.8899	14.1618	11.3485	7.8477	5.11144	3.88496	0	3.8529	5.53965	8.97135	10.9649	14.5335	
15.4659	11.6698	9.28457	5.58868	5.03421	5.59251	3.8529	0	3.81898	6.60808	9.59402	12.6236	
13.5687	9.77605	8.07311	5.33221	5.00772	7.45127	5.53965	3.81898	0	3.75053	6.4653	9.56067	
9.99158	6.25707	5.59776	4.59429	6.3909	9.82637	8.97135	6.60808	3.75053	0	3.82788	6.11313	
8.58155	5.54461	5.2779	6.25363	7.31917	11.1343	10.9649	9.59402	6.4653	3.82788	0	3.82208	
6.19783	4.44529	6.66337	8.8697	10.8658	14.7061	14.5335	12.6236	9.56067	6.11313	3.82208	0	

