4pjc	
CYS	ALA	VAL	ARG	ASP	SER	ASN	TYR	GLN	LEU	ILE	TRP	
0	3.87788	7.08374	10.6659	13.0855	16.8504	17.6967	15.086	13.5049	10.0947	8.54188	6.05907	
3.87788	0	3.84509	7.01445	9.70939	13.4732	13.9786	11.2576	9.70567	6.30169	5.42826	4.3663	
7.08374	3.84509	0	3.83395	6.14644	9.81934	10.8707	8.4927	7.70721	5.4352	5.27839	6.74073	
10.6659	7.01445	3.83395	0	3.85723	6.94986	7.48115	4.75267	5.13062	4.45774	6.37281	9.0974	
13.0855	9.70939	6.14644	3.85723	0	3.87451	5.40672	5.0117	5.43222	6.77485	7.49968	10.9409	
16.8504	13.4732	9.81934	6.94986	3.87451	0	3.84919	5.58782	7.5178	9.95434	11.155	14.7339	
17.6967	13.9786	10.8707	7.48115	5.40672	3.84919	0	3.862	5.52657	8.92088	10.7702	14.4943	
15.086	11.2576	8.4927	4.75267	5.0117	5.58782	3.862	0	3.80821	6.16447	9.00407	12.3131	
13.5049	9.70567	7.70721	5.13062	5.43222	7.5178	5.52657	3.80821	0	3.77091	6.02261	9.50021	
10.0947	6.30169	5.4352	4.45774	6.77485	9.95434	8.92088	6.16447	3.77091	0	3.81547	6.385	
8.54188	5.42826	5.27839	6.37281	7.49968	11.155	10.7702	9.00407	6.02261	3.81547	0	3.83268	
6.05907	4.3663	6.74073	9.0974	10.9409	14.7339	14.4943	12.3131	9.50021	6.385	3.83268	0	

