4pjf	
CYS	ALA	SER	SER	TYR	GLU	VAL	SER	GLY	ALA	ASN	VAL	LEU	THR	PHE	
0	3.80446	7.10068	10.7458	14.0845	14.8191	14.2797	17.4993	19.1253	18.7104	15.529	13.5558	9.72748	8.45786	5.75624	
3.80446	0	3.78765	7.11889	10.6572	11.6169	11.3647	14.3655	15.6502	15.0587	11.7763	9.8455	6.07516	5.33506	4.1727	
7.10068	3.78765	0	3.82695	6.99191	8.27069	8.9352	12.0417	13.3487	13.0634	9.41764	8.37253	5.45366	5.4974	6.73107	
10.7458	7.11889	3.82695	0	3.80813	5.40944	6.84594	9.24669	10.0054	9.69275	5.9137	5.91254	4.85097	6.52577	9.19131	
14.0845	10.6572	6.99191	3.80813	0	3.8837	7.22181	9.03324	9.58884	9.79575	6.31394	7.86274	8.25987	9.65489	12.6682	
14.8191	11.6169	8.27069	5.40944	3.8837	0	3.86154	5.89317	7.70005	9.33749	6.69571	9.26558	9.61035	11.9194	14.4005	
14.2797	11.3647	8.9352	6.84594	7.22181	3.86154	0	3.82312	6.94284	9.19509	7.38786	9.74676	9.67528	12.6401	14.4596	
17.4993	14.3655	12.0417	9.24669	9.03324	5.89317	3.82312	0	3.79932	7.06693	6.97179	10.1371	11.3099	14.7282	16.909	
19.1253	15.6502	13.3487	10.0054	9.58884	7.70005	6.94284	3.79932	0	3.78639	5.42431	8.84673	11.2233	14.7211	17.3778	
18.7104	15.0587	13.0634	9.69275	9.79575	9.33749	9.19509	7.06693	3.78639	0	3.86945	6.40521	9.63422	12.9755	15.8837	
15.529	11.7763	9.41764	5.9137	6.31394	6.69571	7.38786	6.97179	5.42431	3.86945	0	3.80874	6.59579	9.70181	12.8083	
13.5558	9.8455	8.37253	5.91254	7.86274	9.26558	9.74676	10.1371	8.84673	6.40521	3.80874	0	3.84806	6.6902	9.81102	
9.72748	6.07516	5.45366	4.85097	8.25987	9.61035	9.67528	11.3099	11.2233	9.63422	6.59579	3.84806	0	3.79735	6.27709	
8.45786	5.33506	5.4974	6.52577	9.65489	11.9194	12.6401	14.7282	14.7211	12.9755	9.70181	6.6902	3.79735	0	3.78809	
5.75624	4.1727	6.73107	9.19131	12.6682	14.4005	14.4596	16.909	17.3778	15.8837	12.8083	9.81102	6.27709	3.78809	0	

