4prh	
CYS	ALA	VAL	GLN	ASP	LEU	GLY	THR	SER	GLY	SER	ARG	LEU	THR	PHE	
0	3.80079	6.96529	10.4934	13.6226	16.9315	18.8101	18.5297	19.6502	17.893	14.6722	12.9426	9.23377	8.41887	5.80844	
3.80079	0	3.74458	6.96277	10.1954	13.5648	15.4279	14.8555	15.8568	14.1544	11.0748	9.29133	5.60936	5.33975	4.33626	
6.96529	3.74458	0	3.82944	6.66259	10.0253	11.8938	11.8103	13.2821	12.1727	9.58363	8.37094	5.42929	5.37536	6.68061	
10.4934	6.96277	3.82944	0	3.8534	6.71742	9.09231	8.7282	9.83189	8.78155	6.58254	6.46696	5.36795	6.90985	9.46464	
13.6226	10.1954	6.66259	3.8534	0	3.8303	5.32188	5.76725	8.08018	8.61582	8.08227	8.12085	8.07378	8.71305	11.9269	
16.9315	13.5648	10.0253	6.71742	3.8303	0	3.83901	5.36521	7.26615	8.48513	8.94298	10.3141	11.2068	12.4168	15.6389	
18.8101	15.4279	11.8938	9.09231	5.32188	3.83901	0	3.89445	7.26163	9.85704	11.2211	11.7159	12.7383	13.1218	16.646	
18.5297	14.8555	11.8103	8.7282	5.76725	5.36521	3.89445	0	3.86808	6.78386	8.83988	9.02451	10.9248	11.7697	15.519	
19.6502	15.8568	13.2821	9.83189	8.08018	7.26615	7.26163	3.86808	0	3.79252	7.07815	8.13172	11.1293	12.9773	16.5946	
17.893	14.1544	12.1727	8.78155	8.61582	8.48513	9.85704	6.78386	3.79252	0	3.78717	5.77742	9.2071	11.9694	15.1742	
14.6722	11.0748	9.58363	6.58254	8.08227	8.94298	11.2211	8.83988	7.07815	3.78717	0	3.83542	6.55803	9.9705	12.624	
12.9426	9.29133	8.37094	6.46696	8.12085	10.3141	11.7159	9.02451	8.13172	5.77742	3.83542	0	3.79545	6.84688	9.65524	
9.23377	5.60936	5.42929	5.36795	8.07378	11.2068	12.7383	10.9248	11.1293	9.2071	6.55803	3.79545	0	3.80303	6.08415	
8.41887	5.33975	5.37536	6.90985	8.71305	12.4168	13.1218	11.7697	12.9773	11.9694	9.9705	6.84688	3.80303	0	3.80486	
5.80844	4.33626	6.68061	9.46464	11.9269	15.6389	16.646	15.519	16.5946	15.1742	12.624	9.65524	6.08415	3.80486	0	

