4pri	
CYS	ALA	SER	SER	ALA	ARG	SER	GLY	GLU	LEU	PHE	PHE	
0	3.77455	6.97385	10.1868	13.3767	16.6477	17.9053	15.2067	13.1549	9.35988	8.28018	5.7441	
3.77455	0	3.83564	6.63718	9.72577	13.111	14.1718	11.5778	9.47441	5.71842	5.02852	4.1588	
6.97385	3.83564	0	3.83374	6.67997	9.81062	11.5845	9.59749	8.32675	5.43567	5.37676	6.71892	
10.1868	6.63718	3.83374	0	3.73337	6.58343	7.98915	5.85143	5.48742	4.23703	6.28174	9.01223	
13.3767	9.72577	6.67997	3.73337	0	3.80945	5.22778	5.0615	5.24474	6.15042	7.57382	11.0673	
16.6477	13.111	9.81062	6.58343	3.80945	0	3.89324	5.49696	7.70887	9.50928	11.3698	14.8306	
17.9053	14.1718	11.5845	7.98915	5.22778	3.89324	0	3.87268	6.14846	9.28382	11.5568	15.2382	
15.2067	11.5778	9.59749	5.85143	5.0615	5.49696	3.87268	0	3.80145	6.58489	9.74972	13.0645	
13.1549	9.47441	8.32675	5.48742	5.24474	7.70887	6.14846	3.80145	0	3.80842	6.6128	9.97515	
9.35988	5.71842	5.43567	4.23703	6.15042	9.50928	9.28382	6.58489	3.80842	0	3.79012	6.55728	
8.28018	5.02852	5.37676	6.28174	7.57382	11.3698	11.5568	9.74972	6.6128	3.79012	0	3.79844	
5.7441	4.1588	6.71892	9.01223	11.0673	14.8306	15.2382	13.0645	9.97515	6.55728	3.79844	0	

