4x6d	
CYS	ALA	SER	ARG	TYR	PHE	LEU	PRO	THR	GLN	GLY	MET	GLY	ALA	PHE	PHE	
0	3.80095	7.10816	10.763	14.2548	16.0757	18.9149	17.8388	20.9704	20.2694	19.1857	16.4273	13.3891	9.84371	8.42366	5.76917	
3.80095	0	3.7642	7.11655	10.7725	12.7684	15.3442	14.1017	17.2263	16.5667	15.4391	12.7363	9.87186	6.22028	5.37515	4.32538	
7.10816	3.7642	0	3.79686	7.16547	9.4195	12.0365	10.9299	14.1743	14.0804	13.3392	11.0229	9.03333	5.5336	5.37444	6.7286	
10.763	7.11655	3.79686	0	3.82674	6.53355	8.50184	7.13879	10.4626	10.6901	9.99571	8.05498	7.15591	4.87853	6.24589	9.10293	
14.2548	10.7725	7.16547	3.82674	0	3.77611	5.34799	4.73162	8.17854	9.69134	9.59224	8.60533	9.31357	8.23171	9.72454	12.8379	
16.0757	12.7684	9.4195	6.53355	3.77611	0	3.74961	5.89258	9.3765	11.6593	10.8724	9.53355	11.0053	10.496	12.7252	15.4915	
18.9149	15.3442	12.0365	8.50184	5.34799	3.74961	0	3.8051	6.43473	9.31256	8.74813	8.53265	11.0952	11.6928	14.1319	17.3715	
17.8388	14.1017	10.9299	7.13879	4.73162	5.89258	3.8051	0	3.77364	5.81888	5.84721	6.4274	8.76793	9.58461	11.6748	15.2556	
20.9704	17.2263	14.1743	10.4626	8.17854	9.3765	6.43473	3.77364	0	3.78023	5.57673	8.10868	10.7991	12.2358	13.9662	17.7271	
20.2694	16.5667	14.0804	10.6901	9.69134	11.6593	9.31256	5.81888	3.78023	0	3.77195	7.06282	9.11809	10.9986	12.4527	16.1808	
19.1857	15.4391	13.3392	9.99571	9.59224	10.8724	8.74813	5.84721	5.57673	3.77195	0	3.77163	6.62158	9.42995	11.8692	15.3191	
16.4273	12.7363	11.0229	8.05498	8.60533	9.53355	8.53265	6.4274	8.10868	7.06282	3.77163	0	3.77049	6.82398	10.0678	13.0996	
13.3891	9.87186	9.03333	7.15591	9.31357	11.0053	11.0952	8.76793	10.7991	9.11809	6.62158	3.77049	0	3.7894	7.01419	9.63653	
9.84371	6.22028	5.5336	4.87853	8.23171	10.496	11.6928	9.58461	12.2358	10.9986	9.42995	6.82398	3.7894	0	3.80311	6.39426	
8.42366	5.37515	5.37444	6.24589	9.72454	12.7252	14.1319	11.6748	13.9662	12.4527	11.8692	10.0678	7.01419	3.80311	0	3.8121	
5.76917	4.32538	6.7286	9.10293	12.8379	15.4915	17.3715	15.2556	17.7271	16.1808	15.3191	13.0996	9.63653	6.39426	3.8121	0	

