[1] "Alpha table"
  A R N  D C Q E  G H I L K M F P  S  T W  Y V
A 1 0 0  0 0 0 0 13 0 0 5 0 0 0 0 13  4 0  3 0
R 0 0 1  0 0 1 0  2 0 0 0 0 0 0 0  3  0 0  0 0
N 0 0 0  0 0 0 0  1 0 0 1 0 0 0 0  2  1 0  0 0
D 0 0 0  0 0 0 0  7 0 0 1 0 0 0 0 11  1 0  1 0
C 0 0 0  0 0 0 0  0 0 0 0 0 0 0 0  0  0 0  0 0
Q 0 1 3  3 0 0 0  3 0 0 1 0 0 3 0  1  4 0  3 0
E 0 0 0  0 0 1 0  5 0 0 3 0 0 0 0  4  4 0  1 0
G 4 0 5 13 0 6 1 33 0 0 5 0 0 0 0 25 19 0  0 2
H 0 0 0  1 0 0 0  4 0 0 0 0 0 0 0  0  0 0  0 0
I 0 0 1  0 0 3 0  8 0 0 1 0 0 0 0  2  2 0  1 0
L 3 0 3  2 0 6 0 12 0 0 2 0 0 0 0 10  3 0  7 0
K 0 0 0  2 0 0 0  2 0 0 0 0 0 0 2  2  0 0  0 2
M 0 0 1  0 0 0 0 12 0 0 6 0 0 0 0  4  4 0  0 0
F 1 1 1 13 0 4 0  5 0 0 0 0 0 0 0  8  0 0  0 0
P 0 0 7  4 0 0 0  9 0 0 0 0 0 3 0 15  1 0 10 0
S 0 0 0  0 0 0 0  2 0 0 0 0 0 0 0  0  0 0  1 1
T 2 1 3  1 0 1 0  1 0 0 0 0 0 0 0  1  0 0  0 0
W 0 0 0  3 0 0 0  0 0 0 3 0 0 0 0  0  4 0  0 0
Y 2 0 0  7 0 0 0  3 0 0 0 0 0 0 0  8  1 0  0 0
V 1 0 0  1 0 1 1 12 0 0 5 0 0 0 0  3  6 0  2 0
[1] "Beta table"
   A R N D C Q E  G H I  L K M F P  S  T W Y V
A  4 0 3 1 0 4 1 12 0 0  5 0 0 2 0  1  3 3 0 2
R  1 0 0 1 0 0 0  1 0 0  1 0 0 0 0  1  1 0 0 0
N  1 1 0 0 0 0 2  8 2 1  1 0 0 0 0  0  2 0 1 1
D  1 6 0 0 0 0 0  5 0 0  0 0 0 0 0  5  0 0 0 0
C  2 2 0 2 0 0 0  3 0 0  0 0 0 0 0  1  0 2 0 0
Q  1 0 7 2 0 0 1 16 0 0  1 0 0 0 3  6  2 1 0 0
E  0 0 0 0 0 0 0  0 0 0  0 0 0 0 0  0  0 0 1 0
G  3 0 0 3 0 2 5 32 2 1 11 0 3 3 3 11 11 3 0 4
H  1 0 0 0 0 0 0  1 0 0  0 0 0 0 0  0  0 0 0 0
I  0 0 7 0 0 1 0 32 0 0 12 0 3 6 0  5  5 0 0 9
L  1 0 1 2 0 1 5 24 0 0 10 0 0 0 0  5 12 2 0 5
K  1 1 0 0 0 0 0  4 0 0  3 0 0 0 0  2  1 1 0 0
M  0 0 0 0 0 0 0  5 0 0  0 0 0 0 0  0  2 0 0 3
F  7 4 1 3 0 1 0  8 2 1  2 0 0 0 2 13  2 1 3 0
P  2 3 0 2 0 0 0  9 0 0  8 0 0 1 1  4  3 1 0 1
S  0 0 0 0 0 0 0  1 0 0  0 0 0 0 0  0  1 0 0 0
T  4 4 8 2 0 2 0 20 0 0  3 0 0 0 0  4  8 1 7 7
W  3 0 5 2 0 1 0 11 0 0  3 0 0 0 0  1  0 2 1 4
Y 12 8 1 0 0 3 0 19 0 0 16 0 1 1 5  2  0 0 1 1
V  9 4 1 2 0 0 0 17 0 0  9 0 1 0 1  6  0 0 1 0
