/	C	A	G	A	G	S	Q	G	N	L	I	F
G	25.5549	22.5222	18.6775	15.7129	13.1813	9.51933	8.73341	12.7108	15.522	18.6169	17.0102	22.1067
I	23.053	20.0796	16.1443	13.4755	10.3814	6.60992	6.1292	9.46409	12.2913	15.5444	14.4669	19.4548
L	21.3028	17.8084	14.1661	11.23	8.50901	5.09011	5.81474	7.32874	10.1352	13.5445	13.3905	18.0762
G	18.3882	15.5644	11.699	9.71886	5.95927	3.30166	3.16169	3.53783	6.17941	9.75854	10.5576	14.7616
F	17.2823	13.9372	10.2761	7.66827	4.77473	3.67852	4.68369	3.86885	5.93035	9.12304	10.7719	14.4689
V	19.7811	16.5868	13.2077	11.047	7.90283	6.94165	6.67985	5.69015	7.98681	11.3477	13.615	16.2883
F	20.7374	17.237	14.1892	10.9042	9.66924	9.36116	10.0755	8.62565	10.6503	13.2052	15.6353	18.0899
T	23.28	20.0789	17.4579	14.7205	13.5418	13.6374	13.1317	11.377	13.102	15.5336	18.5203	19.9126
L	26.3662	23.0177	20.6479	17.5823	16.7822	16.6856	16.5494	14.8824	16.643	18.7257	21.9054	23.2908

/	C	A	S	S	S	R	S	S	Y	E	Q	Y	F
G	28.1262	25.1851	24.5678	20.8223	21.4326	15.241	14.9964	14.3803	18.7163	22.2238	21.3593	26.9646	27.1927
I	24.9119	21.8998	21.3028	17.6394	18.3808	12.7625	11.8047	11.4392	15.8607	19.4563	18.1212	23.8035	23.9945
L	22.2187	19.2423	18.5824	14.9096	15.0247	8.50003	8.96848	9.0243	12.6369	15.9998	15.7845	21.1937	21.8033
G	18.2465	15.1939	14.8133	11.3461	13.0384	8.60184	5.86208	6.1807	10.3979	14.0245	11.7457	17.4496	17.7048
F	18.0964	14.6677	13.2968	9.46513	10.5414	3.78413	4.03268	3.81887	7.6242	11.2582	10.8176	15.7019	16.9335
V	16.7445	13.4255	11.6871	8.3615	7.13153	4.83573	3.09078	6.53615	8.17264	11.4205	11.5345	14.8654	17.4394
F	18.3129	15.0539	12.8434	9.13681	6.91969	4.1606	5.3234	7.9156	8.66291	11.5671	13.4497	15.1756	18.894
T	17.609	14.9326	12.4918	8.56307	5.56388	5.64432	7.22087	10.4174	10.7549	13.2856	14.8792	14.9067	18.6892
L	21.3517	18.6128	16.0318	12.1323	8.99333	8.552	10.6663	13.819	13.4094	16.19	18.0886	17.5053	21.9801

