[1] "Alpha table"
   -5 -4 -3 -2 -1  0  1 2  3 4 5
-5  0  0  5  1  5  0  0 0  0 0 0
-4  0  0  5  1  8  6  0 0  0 0 0
-3  0  1  5  4 26 26  3 2  0 0 0
-2  0  1  0  3 16 46  4 1  0 0 0
-1  0  0  0  4 18 47  0 2  0 0 0
0   0  0  0  0  0 71  0 0  0 0 0
1   0  0  3  0  3 32 29 0  4 0 0
2   0  0  2  0  3 24 32 2  7 1 0
3   0  0  2  0  0 23 31 4  8 3 0
4   0  1  0  3  2 17 33 6  6 3 0
5   0  1  0  1  1 15 25 5 13 3 1
[1] "Beta table"
   -5 -4 -3 -2 -1  0  1  2 3 4 5
-5  2  2  5 16 22 16  1  1 0 0 0
-4  0  2  5 18 18 27  4  0 0 0 0
-3  0  2  6 18 22 21  3  0 0 0 3
-2  2  0  3 11 22 31  5  1 0 0 0
-1  0  0  0  4 17 48  5  1 0 0 0
0   0  0  0  0  0 75  0  0 0 0 0
1   0  0  0  0  7 48 11  8 1 0 0
2   0  0  2  0  5 32 23 11 1 0 0
3   0  2  0  1  2 13 15  9 1 0 0
4   0  0  0  1  1  5  9  9 0 0 0
5   0  0  0  1  2  2  5  7 2 0 0
