	C	A	S	R	P	G	L	A	G	G	R	P	E	Q	Y	F
L	0.0	0.0	0.0	0.0	0.0	0.0	0.0	0.0	0.0	0.0	0.0	0.0	0.0	0.0	0.0	0.0
L	0.0	0.0	0.0	0.0	0.0	0.0	0.0	0.0	0.0	0.0	0.0	0.0	0.0	0.0	0.0	0.0
F	0.0	0.0	0.0	0.0	0.0	0.0	0.0	0.0	0.0	-0.148	0.0	0.0	0.0	0.0	0.0	0.0
G	0.0	0.0	0.0	-0.297	0.0	0.0	-0.148	0.0	0.0	-0.148	0.0	-0.148	0.0	0.0	0.0	0.0
Y	0.0	0.0	0.0	23.0	-0.297	-1.04	-0.89	-0.148	-3.56	-5.34	-2.52	-4.15	-0.89	0.0	0.0	0.0
P	0.0	0.0	0.0	0.0	0.0	0.297	-11.3	-0.148	-0.742	-0.445	0.0	0.0	0.0	0.0	0.0	0.0
V	0.0	0.0	0.0	0.0	-0.148	-0.89	-15.0	-4.45	-6.08	-2.97	-0.297	0.0	0.0	0.0	0.0	0.0
Y	0.0	0.0	0.0	0.0	-0.148	-0.445	-26.9	-4.15	-0.445	0.0	0.0	0.0	0.0	0.0	0.0	0.0
V	0.0	0.0	0.0	0.0	0.0	0.0	0.0	0.0	0.0	0.0	0.0	0.0	0.0	0.0	0.0	0.0
