/	C	A	V	T	T	D	S	W	G	K	L	Q	F
L	0.0	0.0	0.0	0.0	-0.284	0.0	0.0	0.0	0.0	0.0	0.0	0.0	0.0
L	0.0	0.0	0.0	0.0	0.0	-0.284	0.0	0.0	0.0	0.0	0.0	0.0	0.0
F	0.0	0.0	0.0	0.0	-0.427	-0.853	-0.284	0.0	0.0	0.0	0.0	0.0	0.0
G	0.0	0.0	0.0	-0.142	-3.27	-15.2	-5.26	-0.853	-0.284	0.0	0.0	0.0	0.0
Y	0.0	0.0	0.0	2.99	-2.7	-11.1	-7.4	-0.569	-0.284	0.0	-0.142	0.0	0.0
P	0.0	0.0	0.0	0.0	0.0	-0.427	-6.12	-0.427	0.0	0.0	0.0	0.0	0.0
V	0.0	0.0	0.0	0.0	0.0	0.0	-0.284	0.0	0.0	0.0	0.0	0.0	0.0
Y	0.0	0.0	0.0	0.0	0.0	0.0	0.0	-0.427	0.0	0.0	0.0	0.0	0.0
V	0.0	0.0	0.0	0.0	0.0	0.0	0.0	0.0	0.0	0.0	0.0	0.0	0.0

