/	C	A	S	S	Y	P	G	G	G	F	Y	E	Q	Y	F
L	0.0	0.0	0.0	0.0	0.0	0.0	0.0	0.0	0.0	0.0	0.0	0.0	0.0	0.0	0.0
L	0.0	0.0	0.0	0.0	0.0	0.0	0.0	0.0	0.0	0.0	0.0	0.0	0.0	0.0	0.0
F	0.0	0.0	0.0	0.0	0.0	0.0	0.0	0.0	0.0	0.0	-0.311	0.0	0.0	0.0	0.0
G	0.0	0.0	0.0	0.0	0.0	-0.249	0.0	0.0	0.0	0.0	-0.435	0.0	0.0	0.0	0.0
Y	0.0	0.0	0.0	0.0	-0.0621	-1.3	-0.435	-0.0621	-0.311	-0.124	-10.2	-0.497	0.0	0.0	0.0
P	0.0	0.0	0.0	0.0	-0.0621	-0.87	-5.41	-0.124	-0.435	0.0	-1.18	0.0	0.0	0.0	0.0
V	0.0	0.0	0.0	0.0	-0.435	-3.85	-7.33	-6.46	-3.04	-0.249	-3.85	0.0	0.0	0.0	0.0
Y	0.0	0.0	0.0	0.0	-4.78	-1.06	-19.2	-4.29	-0.186	0.0	0.0	0.0	0.0	0.0	0.0
V	0.0	0.0	0.0	0.0	0.0	0.0	0.124	-0.0621	0.0	0.0	0.0	0.0	0.0	0.0	0.0

