/	C	A	A	M	E	G	A	Q	K	L	V	F
L	0.0	0.0	0.0	0.0	-0.559	-0.0621	0.0	0.0	0.0	0.0	0.0	0.0
L	0.0	0.0	0.0	0.0	-0.0621	-0.186	0.0	0.0	0.0	0.0	0.0	0.0
F	0.0	0.0	0.0	0.0	-0.0621	-0.435	-0.249	0.0	0.0	0.0	0.0	0.0
G	0.0	0.0	0.0	-0.311	-0.497	-8.08	-11.7	-0.87	-0.0621	0.0	0.0	0.0
Y	0.0	0.0	0.0	11.4	-1.24	-12.9	-2.73	-0.559	-0.311	-0.0621	0.0	0.0
P	0.0	0.0	0.0	0.0	0.0	-0.124	-0.559	-0.311	0.0	0.0	0.0	0.0
V	0.0	0.0	0.0	0.0	0.0	0.0	-0.0621	0.0	0.0	0.0	0.0	0.0
Y	0.0	0.0	0.0	0.0	0.0	0.0	0.0	-0.124	0.0	0.0	0.0	0.0
V	0.0	0.0	0.0	0.0	0.0	0.0	0.0	0.0	0.0	0.0	0.0	0.0

