/	C	A	S	S	S	T	G	L	P	Y	G	Y	T	F
P	0.0	0.0	0.0	0.0	0.0	0.0	0.0	0.0	0.0	0.0	0.0	0.0	0.0	0.0
K	0.0	0.0	0.0	0.0	0.0	0.0	0.0	0.0	0.0	0.0	0.0	0.0	0.0	0.0
Y	0.0	0.0	0.0	0.0	0.0	0.0	0.0	0.0	0.0	0.0	0.0	0.0	0.0	0.0
V	0.0	0.0	0.0	0.0	0.0	0.0	0.0	0.0	0.0	0.0	0.0	0.0	0.0	0.0
K	0.0	0.0	0.0	0.0	0.0	1.57	-0.0583	0.0	0.0	0.0	0.0	0.0	0.0	0.0
Q	0.0	0.0	0.0	0.0	0.0	-0.408	0.0	0.0	0.0	0.0	0.0	0.0	0.0	0.0
N	0.0	0.0	0.0	0.0	-0.466	-5.25	-1.75	-1.52	-0.408	-0.0583	0.0	0.0	0.0	0.0
T	0.0	0.0	0.0	0.0	-0.117	-1.86	3.71	-0.0583	-0.0583	0.0	0.0	0.0	0.0	0.0
L	0.0	0.0	0.0	0.0	-0.233	-1.81	-10.4	-2.51	-1.86	-0.0583	0.0	0.0	0.0	0.0
K	0.0	0.0	0.0	-0.117	13.4	-0.583	-16.7	-5.59	-0.291	-0.0583	0.0	0.0	0.0	0.0
L	0.0	0.0	0.0	0.0	0.0	0.0	-0.0583	-0.175	0.0	0.0	0.0	0.0	0.0	0.0
A	0.0	0.0	0.0	0.0	0.0	0.0	0.0	0.0	0.0	0.0	0.0	0.0	0.0	0.0
T	0.0	0.0	0.0	0.0	0.0	0.0	0.0	0.0	0.0	0.0	0.0	0.0	0.0	0.0

