/	C	A	V	S	E	S	P	F	G	N	E	K	L	T	F
P	0.0	0.0	0.0	0.0	0.0	0.0	0.0	0.0	0.0	0.0	0.0	0.0	0.0	0.0	0.0
K	0.0	0.0	0.0	0.0	-105.0	0.0	0.0	0.0	0.0	0.0	0.0	0.174	0.0	0.0	0.0
Y	0.0	0.0	0.0	0.0	0.464	0.0	0.0	0.0	0.0	0.0	0.0	0.0	0.0	0.0	0.0
V	0.0	0.0	0.0	0.0	-1.69	-0.117	-0.35	0.0	0.0	0.0	0.0	0.0	0.0	0.0	0.0
K	0.0	0.0	0.0	0.0	-0.816	-0.0583	-0.525	0.0	0.0	-1.17	-65.2	0.0	0.0	0.0	0.0
Q	0.0	0.0	0.0	0.0	-0.0583	-0.0583	-0.874	-0.291	0.0	0.0	-0.117	0.0	0.0	0.0	0.0
N	0.0	0.0	0.0	0.0	-0.0583	-0.641	-2.51	-8.33	-0.0583	-1.11	-1.75	0.0	0.0	0.0	0.0
T	0.0	0.0	0.0	0.0	0.0	0.0	0.0	-0.175	0.0	-0.35	-0.233	0.0	0.0	0.0	0.0
L	0.0	0.0	0.0	0.0	0.0	0.0	0.0	-1.11	0.0	-0.0583	0.0	0.0	0.0	0.0	0.0
K	0.0	0.0	0.0	0.0	0.0	0.0	0.0	0.0	0.0	0.0	0.0	0.0	0.0	0.0	0.0
L	0.0	0.0	0.0	0.0	0.0	0.0	0.0	0.0	0.0	0.0	0.0	0.0	0.0	0.0	0.0
A	0.0	0.0	0.0	0.0	0.0	0.0	0.0	0.0	0.0	0.0	0.0	0.0	0.0	0.0	0.0
T	0.0	0.0	0.0	0.0	0.0	0.0	0.0	0.0	0.0	0.0	0.0	0.0	0.0	0.0	0.0

