/	C	A	S	S	S	T	G	L	P	Y	G	Y	T	F
P	0.0	0.0	0.0	0.0	0.0	0.0	0.0	0.0	0.0	0.0	0.0	0.0	0.0	0.0
K	0.0	0.0	0.0	0.0	0.0	0.0	0.0	0.0	0.0	0.0	0.0	0.0	0.0	0.0
Y	0.0	0.0	0.0	0.0	0.0	0.0	0.0	0.0	0.0	0.0	0.0	0.0	0.0	0.0
V	0.0	0.0	0.0	0.0	0.0	0.0	0.0	0.0	0.0	0.0	0.0	0.0	0.0	0.0
K	0.0	0.0	0.0	0.0	0.0	6.73	-0.125	0.0	0.0	0.0	0.0	0.0	0.0	0.0
Q	0.0	0.0	0.0	0.0	0.0	-0.438	0.0	0.0	0.0	0.0	0.0	0.0	0.0	0.0
N	0.0	0.0	0.0	0.0	-0.125	-7.81	-1.81	-0.438	-0.25	0.0	0.0	0.0	0.0	0.0
T	0.0	0.0	0.0	0.0	-0.0625	-4.06	-4.88	-0.125	-0.0625	0.0	0.0	0.0	0.0	0.0
L	0.0	0.0	0.0	0.0	-0.25	-1.5	-11.0	-2.44	-1.75	0.0	0.0	0.0	0.0	0.0
K	0.0	0.0	0.0	-0.188	8.23	-0.563	-18.4	-6.25	-0.375	-0.0625	0.0	0.0	0.0	0.0
L	0.0	0.0	0.0	0.0	0.0	0.0	0.0	-0.25	0.0	0.0	0.0	0.0	0.0	0.0
A	0.0	0.0	0.0	0.0	0.0	0.0	0.0	0.0	0.0	0.0	0.0	0.0	0.0	0.0
T	0.0	0.0	0.0	0.0	0.0	0.0	0.0	0.0	0.0	0.0	0.0	0.0	0.0	0.0

