/	C	A	V	S	E	S	P	F	G	N	E	K	L	T	F
P	0.0	0.0	0.0	0.0	0.0	0.0	0.0	0.0	0.0	0.0	0.0	0.0	0.0	0.0	0.0
K	0.0	0.0	0.0	0.0	-64.8	0.0	0.0	0.0	0.0	0.0	0.0	0.187	0.0	0.0	0.0
Y	0.0	0.0	0.0	0.0	0.748	0.0	0.0	0.0	0.0	0.0	0.0	0.0	0.0	0.0	0.0
V	0.0	0.0	0.0	-0.0625	-3.94	-0.313	-0.313	0.0	0.0	0.0	-0.0625	0.0	0.0	0.0	0.0
K	0.0	0.0	0.0	0.0	-0.75	0.312	-0.5	0.0	0.0	-1.13	-112.0	0.0	0.0	0.0	0.0
Q	0.0	0.0	0.0	0.0	-0.0625	-0.0625	-0.75	-0.25	0.0	0.0	-0.0625	0.0	0.0	0.0	0.0
N	0.0	0.0	0.0	0.0	-0.0625	-0.0625	-1.0	-5.13	0.0	-0.438	-0.938	0.0	0.0	0.0	0.0
T	0.0	0.0	0.0	0.0	0.0	0.0	0.0	-0.125	0.0	-0.125	-0.25	0.0	0.0	0.0	0.0
L	0.0	0.0	0.0	0.0	0.0	0.0	0.0	-1.19	0.0	-0.0625	0.0	0.0	0.0	0.0	0.0
K	0.0	0.0	0.0	0.0	0.0	0.0	0.0	0.0	0.0	0.0	0.0	0.0	0.0	0.0	0.0
L	0.0	0.0	0.0	0.0	0.0	0.0	0.0	0.0	0.0	0.0	0.0	0.0	0.0	0.0	0.0
A	0.0	0.0	0.0	0.0	0.0	0.0	0.0	0.0	0.0	0.0	0.0	0.0	0.0	0.0	0.0
T	0.0	0.0	0.0	0.0	0.0	0.0	0.0	0.0	0.0	0.0	0.0	0.0	0.0	0.0	0.0

