/	C	A	S	S	L	G	Q	A	Y	E	Q	Y	F
F	0.0	0.0	0.0	0.0	0.0	0.0	0.0	0.0	0.0	0.0	0.0	0.0	0.0
L	0.0	0.0	0.0	0.0	0.0	0.0	0.0	0.0	0.0	0.0	0.0	0.0	0.0
R	0.0	0.0	0.0	0.0	0.0	0.0	0.0	0.0	0.0	0.0	0.0	0.0	0.0
G	0.0	0.0	0.0	0.0	0.0	0.0	0.0	0.0	0.0	0.0	0.0	0.0	0.0
R	0.0	0.0	0.0	0.0	0.0	0.0	-1.96	-0.14	0.0	0.0	0.0	0.0	0.0
A	0.0	0.0	0.0	0.0	0.0	-0.559	-17.6	-6.99	-0.978	0.0	0.0	0.0	0.0
Y	0.0	0.0	0.0	0.0	-0.14	-0.419	-3.08	-18.0	-17.6	-0.14	0.0	0.0	0.0
G	0.0	0.0	0.0	0.0	-0.14	0.0	-0.419	0.14	4.33	0.0	0.0	0.0	0.0
L	0.0	0.0	0.0	0.0	-0.14	-0.14	0.0	0.0	-0.28	0.0	0.0	0.0	0.0

