/	C	I	L	P	L	A	G	G	T	S	Y	G	K	L	T	F
F	0.0	0.0	0.0	0.0	0.0	0.0	-0.839	-0.14	0.0	0.0	0.0	0.0	0.0	0.0	0.0	0.0
L	0.0	0.0	0.0	0.0	0.0	0.0	0.14	-0.14	0.0	0.0	0.0	0.0	0.0	0.0	0.0	0.0
R	0.0	0.0	0.0	0.0	0.0	0.0	-0.28	-0.28	0.0	0.0	0.0	0.0	0.0	0.0	0.0	0.0
G	0.0	0.0	0.0	0.0	-1.12	0.0	-1.12	-2.94	-0.28	-0.14	0.0	0.0	0.0	0.0	0.0	0.0
R	0.0	0.0	0.0	0.0	-0.559	0.0	0.0	-0.559	0.0	0.0	-0.419	0.0	0.0	0.0	0.0	0.0
A	0.0	0.0	0.0	-0.14	-2.38	0.0	0.0	-0.28	0.0	-1.4	-3.77	-0.699	0.0	0.0	0.0	0.0
Y	0.0	0.0	0.0	-0.14	-3.49	0.0	0.0	0.0	0.0	0.0	-0.28	-0.14	0.0	0.0	0.0	0.0
G	0.0	0.0	0.0	0.0	0.0	0.0	0.0	0.0	0.0	0.0	0.0	0.0	0.0	0.0	0.0	0.0
L	0.0	0.0	0.0	0.0	0.0	0.0	0.0	0.0	0.0	0.0	0.0	0.0	0.0	0.0	0.0	0.0

