/	C	A	G	A	G	S	Q	G	N	L	I	F
G	0.0	0.0	0.0	0.0	0.0	0.0	0.0	0.0	0.0	0.0	0.0	0.0
I	0.0	0.0	0.0	0.0	0.0	0.0	-0.718	0.0	0.0	0.0	0.0	0.0
L	0.0	0.0	0.0	0.0	0.0	-1.87	-0.718	-0.144	0.0	0.0	0.0	0.0
G	0.0	0.0	0.0	0.0	-0.287	-12.6	-10.9	-0.718	-0.144	0.0	0.0	0.0
F	0.0	0.0	0.0	-0.287	-2.44	-7.18	-4.88	-3.73	-0.574	0.0	0.0	0.0
V	0.0	0.0	0.0	0.0	0.0	0.0	-0.287	-0.431	0.0	0.0	0.0	0.0
F	0.0	0.0	0.0	0.0	0.0	0.0	0.0	0.0	0.0	0.0	0.0	0.0
T	0.0	0.0	0.0	0.0	0.0	0.0	0.0	0.0	0.0	0.0	0.0	0.0
L	0.0	0.0	0.0	0.0	0.0	0.0	0.0	0.0	0.0	0.0	0.0	0.0

