/	C	A	V	T	T	D	S	W	G	K	L	Q	F
L	0.0	0.0	0.0	0.0	-0.424	0.0	0.0	0.0	0.0	0.0	0.0	0.0	0.0
L	0.0	0.0	0.0	0.0	0.141	-0.283	0.0	0.0	0.0	0.0	0.0	0.0	0.0
F	0.0	0.0	0.0	0.0	-0.424	-0.848	-0.283	0.0	0.0	0.0	0.0	0.0	0.0
G	0.0	0.0	0.0	-0.141	-3.25	-15.3	-10.3	-0.848	-0.283	0.0	0.0	0.0	0.0
Y	0.0	0.0	0.0	-2.12	-3.39	-14.6	-6.22	-0.707	-0.283	0.0	-0.141	0.0	0.0
A	0.0	0.0	0.0	0.0	0.0	-0.141	-5.37	-0.141	0.0	0.0	0.0	0.0	0.0
V	0.0	0.0	0.0	0.0	0.0	0.0	-0.283	0.0	0.0	0.0	0.0	0.0	0.0
Y	0.0	0.0	0.0	0.0	0.0	0.0	0.0	-0.283	0.0	0.0	0.0	0.0	0.0
V	0.0	0.0	0.0	0.0	0.0	0.0	0.0	0.0	0.0	0.0	0.0	0.0	0.0

