/	C	A	S	R	P	G	L	A	G	G	R	P	E	Q	Y	F
L	0.0	0.0	0.0	0.0	0.0	0.0	0.0	0.0	0.0	0.0	0.0	0.0	0.0	0.0	0.0	0.0
L	0.0	0.0	0.0	0.0	0.0	0.0	0.0	0.0	0.0	0.0	0.0	0.0	0.0	0.0	0.0	0.0
F	0.0	0.0	0.0	0.0	0.0	0.0	0.0	0.0	0.0	-0.145	0.0	0.0	0.0	0.0	0.0	0.0
G	0.0	0.0	0.0	-0.436	0.0	0.0	-0.291	0.0	0.0	-0.145	0.0	-0.145	0.0	0.0	0.0	0.0
Y	0.0	0.0	0.0	24.0	-0.291	-1.31	-1.02	-0.145	-3.05	-4.94	-1.6	-0.436	-0.436	0.0	0.0	0.0
A	0.0	0.0	0.0	0.0	0.0	0.291	-8.73	-0.145	-0.145	-0.291	0.0	0.0	0.0	0.0	0.0	0.0
V	0.0	0.0	0.0	0.0	-0.291	-1.02	-15.4	-6.11	-6.98	-3.05	-0.145	0.0	0.0	0.0	0.0	0.0
Y	0.0	0.0	0.0	0.0	-0.291	-0.291	-23.4	-5.67	-0.582	0.0	0.0	0.0	0.0	0.0	0.0	0.0
V	0.0	0.0	0.0	0.0	0.0	0.0	0.0	0.0	0.0	0.0	0.0	0.0	0.0	0.0	0.0	0.0

