/	C	A	V	T	T	D	S	W	G	K	L	Q	F
L	0.0	0.0	0.0	0.0	-0.287	0.0	0.0	0.0	0.0	0.0	0.0	0.0	0.0
L	0.0	0.0	0.0	0.0	0.143	-0.287	0.0	0.0	0.0	0.0	0.0	0.0	0.0
F	0.0	0.0	0.0	0.0	-0.573	-1.0	-0.43	0.0	0.0	0.0	0.0	0.0	0.0
G	0.0	0.0	0.0	-0.143	-4.59	-16.1	-5.02	-0.717	-0.287	0.0	0.0	0.0	0.0
Y	0.0	0.0	0.0	-0.287	-2.01	-11.2	-14.3	-0.43	-0.143	0.0	0.0	0.0	0.0
P	0.0	0.0	0.0	0.0	0.0	-0.573	-5.88	-0.287	0.0	0.0	0.0	0.0	0.0
R	0.0	0.0	0.0	0.0	0.0	0.0	-3.15	0.0	0.0	0.0	0.0	0.0	0.0
Y	0.0	0.0	0.0	0.0	0.0	0.0	0.0	-0.43	0.0	0.0	0.0	0.0	0.0
V	0.0	0.0	0.0	0.0	0.0	0.0	0.0	0.0	0.0	0.0	0.0	0.0	0.0

