/	C	A	S	R	P	G	L	A	G	G	R	P	E	Q	Y	F
L	0.0	0.0	0.0	0.0	0.0	0.0	0.0	0.0	0.0	0.0	0.0	0.0	0.0	0.0	0.0	0.0
L	0.0	0.0	0.0	0.0	0.0	0.0	0.0	0.0	0.0	0.0	0.0	0.0	0.0	0.0	0.0	0.0
F	0.0	0.0	0.0	0.0	0.0	0.0	0.0	0.0	0.0	0.0	0.0	-0.143	0.0	0.0	0.0	0.0
G	0.0	0.0	0.0	0.0	0.0	0.143	-0.287	0.0	0.0	0.0	0.0	-0.287	0.0	0.0	0.0	0.0
Y	0.0	0.0	0.0	1.29	-0.287	-2.01	-0.86	-0.143	0.0	-0.287	-0.287	-10.3	-0.287	0.0	0.0	0.0
P	0.0	0.0	0.0	0.0	0.0	1.15	-8.17	0.86	-0.143	0.0	0.0	-0.143	0.0	0.0	0.0	0.0
R	0.0	0.0	0.0	0.143	0.717	-21.8	-14.2	-13.6	1.86	-31.2	-3.3	-1.86	0.143	0.0	0.0	0.0
Y	0.0	0.0	0.0	0.0	-0.143	-0.287	-21.6	-5.16	-0.717	0.0	0.0	0.0	0.0	0.0	0.0	0.0
V	0.0	0.0	0.0	0.0	0.0	0.0	0.0	-0.143	0.0	0.0	0.0	0.0	0.0	0.0	0.0	0.0

