/	C	A	V	T	T	D	S	W	G	K	L	Q	F
L	0.0	0.0	0.0	0.0	-0.417	0.0	0.0	0.0	0.0	0.0	0.0	0.0	0.0
L	0.0	0.0	0.0	0.0	0.0	-0.417	0.0	0.0	0.0	0.0	0.0	0.0	0.0
F	0.0	0.0	0.0	0.0	-0.556	-0.834	-0.278	0.0	0.0	0.0	0.0	0.0	0.0
G	0.0	0.0	0.0	-0.139	-3.61	-14.6	-14.3	-0.834	-0.278	0.0	0.0	0.0	0.0
Y	0.0	0.0	0.0	0.972	-2.22	-11.3	-8.34	-0.556	-0.139	0.0	0.0	0.0	0.0
P	0.0	0.0	0.0	0.0	0.0	-0.556	-4.17	-0.278	0.0	0.0	0.0	0.0	0.0
V	0.0	0.0	0.0	0.0	0.0	0.0	-0.139	0.0	0.0	0.0	0.0	0.0	0.0
A	0.0	0.0	0.0	0.0	0.0	0.0	0.0	0.0	0.0	0.0	0.0	0.0	0.0
V	0.0	0.0	0.0	0.0	0.0	0.0	0.0	0.0	0.0	0.0	0.0	0.0	0.0

