/	C	A	S	R	P	G	L	A	G	G	R	P	E	Q	Y	F
L	0.0	0.0	0.0	0.0	0.0	0.0	0.0	0.0	0.0	0.0	0.0	0.0	0.0	0.0	0.0	0.0
L	0.0	0.0	0.0	0.0	0.0	0.0	0.0	0.0	0.0	0.0	0.0	0.0	0.0	0.0	0.0	0.0
F	0.0	0.0	0.0	0.0	0.0	0.0	0.0	0.0	0.0	0.0	0.0	0.0	0.0	0.0	0.0	0.0
G	0.0	0.0	0.0	-0.141	0.0	0.0	-0.141	0.0	0.0	0.0	0.0	-0.141	0.0	0.0	0.0	0.0
Y	0.0	0.0	0.0	3.81	-0.282	-1.13	-0.564	-0.141	-0.282	-0.705	-0.423	3.24	-0.423	0.0	0.0	0.0
P	0.0	0.0	0.0	0.0	0.0	0.423	-4.79	-0.282	-0.987	-0.141	0.0	0.0	0.0	0.0	0.0	0.0
V	0.0	0.0	0.0	0.0	0.0	-0.282	-6.34	-2.82	-4.79	-0.705	0.0	0.0	0.0	0.0	0.0	0.0
A	0.0	0.0	0.0	0.0	0.0	0.0	-3.52	-0.564	-0.282	0.0	0.0	0.0	0.0	0.0	0.0	0.0
V	0.0	0.0	0.0	0.0	0.0	0.0	0.0	0.0	0.0	0.0	0.0	0.0	0.0	0.0	0.0	0.0

