/	C	A	T	D	T	T	S	G	T	Y	K	Y	I	F
E	0.0	0.0	0.0	0.0	0.0	0.0	0.0	-0.14	-0.837	0.0	0.0	0.0	0.0	0.0
N	0.0	0.0	0.0	0.0	0.0	0.0	-0.14	-0.558	-2.93	-0.14	0.0	0.0	0.0	0.0
P	0.0	0.0	0.0	0.0	-0.14	-0.14	-5.3	-12.7	-4.19	-0.279	0.0	0.0	0.0	0.0
V	0.0	0.0	0.0	0.0	-0.14	-0.14	-1.53	-13.7	-6.42	0.837	0.0	0.0	0.0	0.0
V	0.0	0.0	0.0	0.0	0.0	0.0	-0.14	0.0	-0.14	-0.419	0.0	0.0	0.0	0.0
H	0.0	0.0	0.0	-4.05	-0.279	-0.279	-0.558	-0.419	-0.977	-1.26	0.0	0.0	0.0	0.0
F	0.0	0.0	0.0	0.0	0.0	0.0	0.0	0.0	0.0	-0.558	0.0	0.0	0.0	0.0
F	0.0	0.0	0.0	0.0	0.0	0.0	0.0	0.0	0.0	0.0	0.0	0.0	0.0	0.0
K	0.0	0.0	0.0	0.0	0.0	0.0	0.0	0.0	0.0	0.0	0.0	0.0	0.0	0.0
N	0.0	0.0	0.0	0.0	0.0	0.0	0.0	0.0	0.0	0.0	0.0	0.0	0.0	0.0
I	0.0	0.0	0.0	0.0	0.0	0.0	0.0	0.0	0.0	0.0	0.0	0.0	0.0	0.0
V	0.0	0.0	0.0	0.0	0.0	0.0	0.0	0.0	0.0	0.0	0.0	0.0	0.0	0.0
T	0.0	0.0	0.0	0.0	0.0	0.0	0.0	0.0	0.0	0.0	0.0	0.0	0.0	0.0
P	0.0	0.0	0.0	0.0	0.0	0.0	0.0	0.0	0.0	0.0	0.0	0.0	0.0	0.0

