/	C	S	A	R	D	L	T	S	G	A	N	N	E	Q	F	F
E	0.0	0.0	0.0	0.0	0.0	0.0	0.0	0.0	0.0	0.0	0.0	0.0	0.0	0.0	0.0	0.0
N	0.0	0.0	0.0	0.0	0.0	0.0	0.0	0.0	0.0	0.0	0.0	0.0	0.0	0.0	0.0	0.0
P	0.0	0.0	0.0	0.0	0.0	0.0	0.0	0.0	0.0	0.0	0.0	0.0	0.0	0.0	0.0	0.0
V	0.0	0.0	0.0	-0.438	0.0	0.0	0.0	0.0	-0.146	0.0	0.0	-0.146	0.0	0.0	0.0	0.0
V	0.0	0.0	0.0	-0.292	0.0	0.0	0.0	0.0	-0.292	-0.146	0.0	0.0	0.0	0.0	0.0	0.0
H	0.0	0.0	0.0	2.63	0.0	0.0	0.0	-0.292	-7.6	-12.7	-1.75	-2.48	0.0	0.0	0.0	0.0
F	0.0	0.0	0.0	-0.146	-0.292	-5.26	-6.43	-3.07	-19.6	-9.06	-0.146	0.0	0.0	0.0	0.0	0.0
F	0.0	0.0	0.0	0.0	0.0	0.0	-0.292	-0.877	-1.31	-1.9	-1.17	0.0	0.0	0.0	0.0	0.0
K	0.0	0.0	0.0	0.0	-10.7	-0.146	-20.5	-1.17	-3.94	-1.17	-1.17	0.0	-12.7	0.0	0.0	0.0
N	0.0	0.0	0.0	0.0	0.0	0.0	-0.584	-0.146	-0.146	0.0	-0.146	0.0	0.0	0.0	0.0	0.0
I	0.0	0.0	0.0	0.0	0.0	0.0	0.0	0.0	0.0	0.0	0.0	0.0	0.0	0.0	0.0	0.0
V	0.0	0.0	0.0	0.0	0.0	0.0	0.0	0.0	0.0	0.0	0.0	0.0	0.0	0.0	0.0	0.0
T	0.0	0.0	0.0	0.0	0.0	0.0	0.0	0.0	0.0	0.0	0.0	0.0	0.0	0.0	0.0	0.0
P	0.0	0.0	0.0	0.0	0.0	0.0	0.0	0.0	0.0	0.0	0.0	0.0	0.0	0.0	0.0	0.0

