/	C	A	L	S	G	F	Y	N	T	D	K	L	I	F
L	0.0	0.0	0.0	0.0	0.0	0.0	-0.326	0.0	0.0	0.0	0.0	0.0	0.0	0.0
P	0.0	0.0	0.0	0.0	0.0	0.0	-0.218	0.0	0.0	0.0	0.0	0.0	0.0	0.0
E	0.0	0.0	0.0	0.0	0.0	-0.109	-1.74	0.0	0.0	0.0	0.0	0.0	0.0	0.0
P	0.0	0.0	0.0	0.0	0.0	-0.435	-16.0	-2.28	-0.435	-0.218	0.0	0.0	0.0	0.0
L	0.0	0.0	0.0	0.0	0.0	-0.326	-21.3	-20.2	-1.31	-0.218	0.0	0.0	0.0	0.0
P	0.0	0.0	0.0	0.0	-0.109	-7.18	-4.35	-11.2	-0.218	-0.109	0.0	0.0	0.0	0.0
Q	0.0	0.0	-0.218	9.13	-0.979	-8.37	-13.1	-10.3	-0.87	-11.2	-0.653	-2.39	-0.109	0.0
G	0.0	0.0	0.0	0.0	0.0	-0.326	-0.218	-0.761	0.0	0.0	0.0	0.0	0.0	0.0
Q	0.0	0.0	0.0	0.0	0.0	0.0	0.0	0.0	0.0	0.0	0.0	0.0	0.0	0.0
L	0.0	0.0	0.0	0.0	0.0	0.0	0.0	0.0	0.0	0.0	0.0	0.0	0.0	0.0
T	0.0	0.0	0.0	0.0	0.0	0.0	0.0	0.0	0.0	0.0	0.0	0.0	0.0	0.0
A	0.0	0.0	0.0	0.0	0.0	0.0	0.0	0.0	0.0	0.0	0.0	0.0	0.0	0.0
Y	0.0	0.0	0.0	0.0	0.0	0.0	0.0	0.0	0.0	0.0	0.0	0.0	0.0	0.0

