/	C	A	S	P	G	L	A	G	E	Y	E	Q	Y	F
L	0.0	0.0	0.0	0.0	0.0	0.0	0.0	0.0	0.0	0.0	0.0	0.0	0.0	0.0
P	0.0	0.0	0.0	0.0	0.0	0.0	0.0	0.0	0.0	0.0	0.0	0.0	0.0	0.0
E	0.0	0.0	0.0	0.0	0.0	0.0	0.0	0.0	0.0	0.0	0.0	0.0	0.0	0.0
P	0.0	0.0	0.0	0.0	0.0	0.0	0.0	0.0	0.0	0.0	0.0	0.0	0.0	0.0
L	0.0	0.0	0.0	0.0	0.0	0.0	0.0	0.0	0.0	0.0	0.0	0.0	0.0	0.0
P	0.0	0.0	0.0	-0.435	-0.218	-0.544	0.0	0.0	0.0	0.0	0.0	0.0	0.0	0.0
Q	0.0	-0.109	-0.435	-17.2	-1.63	-0.326	0.0	0.0	0.0	0.0	0.0	0.0	-0.109	0.0
G	0.0	0.0	-0.87	-1.96	-1.52	-0.544	0.0	0.0	0.0	0.0	-0.109	0.0	-0.218	0.0
Q	0.0	0.0	-0.109	-0.109	-0.218	-0.326	0.0	0.0	0.0	0.0	-0.109	0.0	0.0	0.0
L	0.0	0.0	0.0	0.0	0.0	0.0	0.0	0.0	0.0	0.0	0.0	0.0	0.0	0.0
T	0.0	0.0	0.0	0.0	0.0	-0.109	0.0	0.0	0.0	0.0	0.0	0.0	0.0	0.0
A	0.0	0.0	0.0	0.0	0.0	0.0	0.0	0.0	0.0	0.0	0.0	0.0	0.0	0.0
Y	0.0	0.0	0.0	0.0	0.0	0.0	0.0	0.0	0.0	0.0	0.0	0.0	0.0	0.0

