/	C	A	S	S	Y	V	G	N	T	G	E	L	F	F
S	0.0	0.0	0.0	0.0	0.0	0.0	0.0	0.0	0.0	0.0	0.0	0.0	0.0	0.0
L	0.0	0.0	0.0	0.0	0.0	0.0	0.0	0.0	0.0	0.0	0.0	0.0	0.0	0.0
L	0.0	0.0	0.0	0.0	0.0	-0.141	0.0	0.0	0.0	0.0	0.0	0.0	0.0	0.0
M	0.0	0.0	0.0	0.0	0.0	0.0	-0.141	0.0	0.0	0.0	0.0	0.0	0.0	0.0
W	0.0	0.0	0.0	-0.141	-4.8	-14.0	-7.48	-2.12	-0.706	-3.25	-0.282	-0.141	0.0	0.0
I	0.0	0.0	0.0	0.0	-1.55	-18.8	0.424	-0.706	0.0	0.0	0.0	0.0	0.0	0.0
T	0.0	0.0	0.0	0.0	-0.988	-0.847	-12.9	-19.1	-0.424	-0.141	0.0	0.0	0.0	0.0
Q	0.0	0.0	0.0	0.0	-7.63	-0.847	-0.424	-1.41	0.0	0.0	0.0	0.0	0.0	0.0
V	0.0	0.0	0.0	0.0	-0.141	0.0	0.0	-0.282	0.0	0.0	0.0	0.0	0.0	0.0

