/	C	A	V	R	P	T	S	G	G	S	Y	I	P	T	F
S	0.0	0.0	0.0	0.0	0.0	0.0	0.0	0.0	0.0	0.0	0.0	0.0	0.0	0.0	0.0
L	0.0	0.0	0.0	0.0	0.0	0.0	0.0	0.0	0.0	0.0	0.0	0.0	0.0	0.0	0.0
L	0.0	0.0	0.0	0.0	0.0	-0.682	0.0	0.0	0.0	0.0	-0.682	0.0	0.0	0.0	0.0
M	0.0	0.0	0.0	0.0	-6.13	-7.5	0.0	-3.41	-11.6	-2.73	-45.0	-0.682	0.0	0.0	0.0
W	0.0	0.0	0.0	-7.5	-25.2	-8.86	-3.41	0.0	0.0	0.0	-17.7	-0.682	0.0	0.0	0.0
I	0.0	0.0	0.0	0.0	0.0	0.0	0.0	0.0	0.0	0.0	-0.682	0.0	0.0	0.0	0.0
T	0.0	0.0	0.0	0.0	0.0	0.0	0.0	0.0	0.0	0.0	0.0	0.0	0.0	0.0	0.0
Q	0.0	0.0	0.0	0.0	0.0	0.0	0.0	0.0	0.0	0.0	0.0	0.0	0.0	0.0	0.0
V	0.0	0.0	0.0	0.0	0.0	0.0	0.0	0.0	0.0	0.0	0.0	0.0	0.0	0.0	0.0

