/	C	A	V	R	P	T	S	G	G	S	Y	I	P	T	F
S	0.0	0.0	0.0	0.0	0.0	0.0	0.0	0.0	0.0	0.0	0.0	0.0	0.0	0.0	0.0
L	0.0	0.0	0.0	0.0	0.0	0.0	-0.281	-0.281	-0.14	0.0	-0.14	0.0	0.0	0.0	0.0
L	0.0	0.0	0.0	0.0	0.0	-0.421	-0.14	0.0	-0.14	0.0	-0.562	0.0	0.0	0.0	0.0
M	0.0	0.0	0.0	-0.281	-5.34	-8.15	-2.53	-3.65	-11.9	-3.37	-44.7	-0.421	0.0	0.0	0.0
W	0.0	0.0	-0.14	-7.02	-23.6	-7.58	-3.79	-0.14	-0.14	-0.281	-15.4	-0.421	-0.14	0.0	0.0
I	0.0	0.0	0.0	0.0	0.0	0.0	0.0	0.0	0.0	0.0	-0.843	0.0	0.0	0.0	0.0
T	0.0	0.0	0.0	0.0	0.0	0.0	0.0	0.0	0.0	0.0	0.0	0.0	0.0	0.0	0.0
Q	0.0	0.0	0.0	0.0	0.0	0.0	0.0	0.0	0.0	0.0	0.0	0.0	0.0	0.0	0.0
C	0.0	0.0	0.0	0.0	0.0	0.0	0.0	0.0	0.0	0.0	0.0	0.0	0.0	0.0	0.0

