/	C	A	S	S	Y	V	G	N	T	G	E	L	F	F
S	0.0	0.0	0.0	0.0	0.0	0.0	0.0	0.0	0.0	0.0	0.0	0.0	0.0	0.0
L	0.0	0.0	0.0	0.0	0.0	0.0	0.0	0.0	0.0	0.0	0.0	0.0	0.0	0.0
L	0.0	0.0	0.0	0.0	0.0	-0.14	0.0	0.0	0.0	0.0	0.0	0.0	0.0	0.0
M	0.0	0.0	0.0	0.0	0.0	-0.14	-0.14	0.0	0.0	0.0	0.0	0.0	0.0	0.0
W	0.0	0.0	0.0	-0.281	-4.78	-12.8	-6.88	-1.83	-0.702	-3.23	-0.281	-0.14	0.0	0.0
I	0.0	0.0	0.0	0.0	-1.4	-20.2	-4.21	-0.562	0.0	0.0	0.0	0.0	0.0	0.0
T	0.0	0.0	0.0	0.0	-0.983	-0.702	-12.8	-19.1	-0.421	-0.14	0.0	0.0	0.0	0.0
Q	0.0	0.0	0.0	0.0	-7.58	-0.843	-0.421	-0.702	0.0	0.0	0.0	0.0	0.0	0.0
C	0.0	0.0	0.0	0.0	0.0	0.0	0.0	-0.14	0.0	0.0	0.0	0.0	0.0	0.0

