/	C	I	V	V	R	S	S	N	T	G	K	L	I	F
V	0.0	0.0	0.0	0.0	0.0	0.0	0.0	0.0	0.0	0.0	0.0	0.0	0.0	0.0
M	0.0	0.0	0.0	0.0	0.0	0.0	0.0	0.0	0.0	0.0	0.0	0.0	0.0	0.0
A	0.0	0.0	0.0	0.0	0.0	-0.282	-0.141	-1.41	0.0	0.0	0.0	0.0	0.0	0.0
P	0.0	0.0	0.0	0.0	-1.13	-5.22	-11.4	-6.21	-0.282	0.0	0.0	0.0	0.0	0.0
R	0.0	0.0	0.0	-0.141	-0.847	-2.54	-39.0	-24.1	-0.424	0.282	-0.141	0.0	0.0	0.0
T	0.0	0.0	0.0	0.0	0.0	-0.141	-0.282	-15.4	0.0	0.0	0.0	0.0	0.0	0.0
L	0.0	0.0	0.0	0.0	0.0	0.0	0.0	0.0	0.0	0.0	0.0	0.0	0.0	0.0
I	0.0	0.0	0.0	0.0	0.0	0.0	0.0	-1.41	-0.141	0.0	0.0	0.0	0.0	0.0
L	0.0	0.0	0.0	0.0	0.0	0.0	0.0	0.0	0.0	0.0	0.0	0.0	0.0	0.0

