/	C	A	S	S	Q	D	R	D	T	Q	Y	F
V	0.0	0.0	0.0	0.0	0.0	0.0	0.0	0.0	0.0	0.0	0.0	0.0
M	0.0	0.0	0.0	0.0	0.0	0.0	0.0	0.0	0.0	0.0	0.0	0.0
A	0.0	0.0	0.0	0.0	0.0	0.0	0.0	0.0	0.0	0.0	0.0	0.0
P	0.0	0.0	0.0	0.0	0.0	0.0	-0.138	0.0	0.0	0.0	0.0	0.0
R	0.0	0.0	0.0	0.277	-0.138	-36.3	9.55	-44.0	0.0	0.138	0.0	0.0
T	0.0	0.0	0.0	0.0	0.0	0.0	-36.6	0.0	0.0	0.0	0.0	0.0
L	0.0	0.0	0.0	0.0	0.0	0.0	-0.831	0.0	0.0	0.0	0.0	0.0
I	0.0	0.0	0.0	-0.138	-0.692	-0.277	-6.51	0.0	0.0	0.0	0.0	0.0
L	0.0	0.0	0.0	0.0	0.0	0.0	0.0	0.0	0.0	0.0	0.0	0.0

