/	C	A	V	R	P	T	S	G	G	S	Y	I	P	T	F
S	0.0	0.0	0.0	0.0	0.0	0.0	0.0	0.0	0.0	0.0	0.0	0.0	0.0	0.0	0.0
L	0.0	0.0	0.0	0.0	0.0	0.0	-0.139	-0.139	-0.139	0.0	-0.139	0.0	0.0	0.0	0.0
L	0.0	0.0	0.0	0.0	0.0	-0.279	0.0	0.0	-0.139	0.0	-0.696	0.0	0.0	0.0	0.0
M	0.0	0.0	0.0	-0.279	-6.27	-7.66	-6.41	-3.06	-9.75	-3.06	-40.4	-0.418	0.0	0.0	0.0
W	0.0	0.0	-0.139	-6.82	-25.6	-3.76	-1.39	-0.139	-0.279	-0.279	-19.1	-0.418	-0.139	0.0	0.0
I	0.0	0.0	0.0	0.0	0.0	0.0	0.0	0.0	0.0	0.0	-0.418	0.0	0.0	0.0	0.0
T	0.0	0.0	0.0	0.0	0.0	0.0	0.0	0.0	0.0	0.0	0.0	0.0	0.0	0.0	0.0
Q	0.0	0.0	0.0	0.0	0.0	0.0	0.0	0.0	0.0	0.0	0.0	0.0	0.0	0.0	0.0
C	0.0	0.0	0.0	0.0	0.0	0.0	0.0	0.0	0.0	0.0	0.0	0.0	0.0	0.0	0.0

