/	C	A	S	S	Y	V	G	N	T	G	E	L	F	F
S	0.0	0.0	0.0	0.0	0.0	0.0	0.0	0.0	0.0	0.0	0.0	0.0	0.0	0.0
L	0.0	0.0	0.0	0.0	0.0	0.0	0.0	0.0	0.0	0.0	0.0	0.0	0.0	0.0
L	0.0	0.0	0.0	0.0	0.0	-0.13	0.0	0.0	0.0	0.0	0.0	0.0	0.0	0.0
M	0.0	0.0	0.0	0.0	0.0	-0.39	-0.13	0.0	0.0	0.0	0.0	0.0	0.0	0.0
W	0.0	0.0	0.0	-0.13	-4.94	-15.9	-7.29	-1.56	-0.781	-3.25	-0.26	-0.13	0.0	0.0
I	0.0	0.0	0.0	0.0	-1.3	-21.1	-4.55	-0.52	0.0	0.0	0.0	0.0	0.0	0.0
T	0.0	0.0	0.0	0.0	-0.781	-0.781	-12.5	-18.6	-0.26	-0.13	0.0	0.0	0.0	0.0
Q	0.0	0.0	0.0	-0.13	-5.59	0.0	-0.39	-1.04	0.0	0.0	0.0	0.0	0.0	0.0
C	0.0	0.0	0.0	0.0	0.0	0.0	0.0	0.0	0.0	0.0	0.0	0.0	0.0	0.0

