/	C	A	S	S	Y	V	G	N	T	G	E	L	F	F
S	0.0	0.0	0.0	0.0	0.0	0.0	0.0	0.0	0.0	0.0	0.0	0.0	0.0	0.0
L	0.0	0.0	0.0	0.0	0.0	0.0	0.0	0.0	0.0	0.0	0.0	0.0	0.0	0.0
L	0.0	0.0	0.0	0.0	0.0	0.0	0.0	0.0	0.0	0.0	0.0	0.0	0.0	0.0
M	0.0	0.0	0.0	0.0	0.0	-0.67	0.0	0.0	0.0	0.0	0.0	0.0	0.0	0.0
W	0.0	0.0	0.0	0.0	-4.02	-14.1	-6.7	-2.01	-0.67	-2.68	0.0	0.0	0.0	0.0
I	0.0	0.0	0.0	0.0	-1.34	-20.8	-5.36	-0.67	0.0	0.0	0.0	0.0	0.0	0.0
T	0.0	0.0	0.0	0.0	-0.67	-0.67	-12.1	-16.1	0.0	0.0	0.0	0.0	0.0	0.0
Q	0.0	0.0	0.0	0.0	-8.04	0.0	-0.67	-1.34	0.0	0.0	0.0	0.0	0.0	0.0
C	0.0	0.0	0.0	0.0	0.0	0.0	0.0	0.0	0.0	0.0	0.0	0.0	0.0	0.0

