/	C	A	V	T	T	D	S	W	G	K	L	Q	F
L	0.0	0.0	0.0	0.0	-0.428	0.0	0.0	0.0	0.0	0.0	0.0	0.0	0.0
L	0.0	0.0	0.0	0.0	0.142	-0.285	0.0	0.0	0.0	0.0	0.0	0.0	0.0
F	0.0	0.0	0.0	0.0	-0.57	-0.855	-0.428	0.0	0.0	0.0	0.0	0.0	0.0
G	0.0	0.0	0.0	-0.285	-4.99	-15.4	-13.4	-0.57	-0.143	0.0	0.0	0.0	0.0
K	0.0	0.0	0.0	-0.143	-0.143	-2.14	-18.4	-0.428	0.0	0.0	0.0	0.0	0.0
P	0.0	0.0	0.0	0.0	0.0	-0.57	-6.56	-0.285	0.0	0.0	0.0	0.0	0.0
V	0.0	0.0	0.0	0.0	0.0	0.0	-0.57	0.0	0.0	0.0	0.0	0.0	0.0
Y	0.0	0.0	0.0	0.0	0.0	0.0	0.0	-0.285	0.0	0.0	0.0	0.0	0.0
V	0.0	0.0	0.0	0.0	0.0	0.0	0.0	0.0	0.0	0.0	0.0	0.0	0.0

