/	C	A	S	R	P	G	L	A	G	G	R	P	E	Q	Y	F
L	0.0	0.0	0.0	0.0	0.0	0.0	0.0	0.0	0.0	0.0	0.0	0.0	0.0	0.0	0.0	0.0
L	0.0	0.0	0.0	0.0	0.0	0.0	0.0	0.0	0.0	0.0	0.0	0.0	0.0	0.0	0.0	0.0
F	0.0	0.0	0.0	0.0	0.0	0.0	0.0	0.0	0.0	0.0	0.0	0.0	0.0	0.0	0.0	0.0
G	0.0	0.0	0.0	-0.557	0.0	0.0	-0.278	0.0	0.0	0.0	0.0	0.0	0.0	0.0	0.0	0.0
K	0.0	0.0	0.0	15.3	3.34	-33.3	-3.62	-4.04	-0.557	-0.557	-0.557	-2.92	-1.11	-0.139	0.0	0.0
P	0.0	0.0	0.0	0.0	0.0	0.835	-10.3	0.139	0.0	0.0	0.0	0.0	0.0	0.0	0.0	0.0
V	0.0	0.0	0.0	0.0	-0.278	-1.11	-15.6	-6.54	-3.9	-0.557	0.0	-0.278	0.0	0.0	0.0	0.0
Y	0.0	0.0	0.0	0.0	-0.418	-0.418	-27.8	-6.26	-1.11	0.0	0.0	0.0	0.0	0.0	0.0	0.0
V	0.0	0.0	0.0	0.0	0.0	0.0	0.0	-0.139	0.0	0.0	0.0	0.0	0.0	0.0	0.0	0.0

