/	C	A	A	L	I	Q	G	A	Q	K	L	V	F
G	0.0	0.0	0.0	0.0	0.0	0.0	0.0	0.0	0.0	0.0	0.0	0.0	0.0
E	0.0	0.0	0.0	0.0	-0.21	-1.47	0.0	0.0	0.0	0.0	0.0	0.0	0.0
L	0.0	0.0	0.0	0.0	-2.31	-11.7	-1.05	-0.419	0.0	0.0	0.0	0.0	0.0
I	0.0	0.0	0.0	0.0	-0.21	-5.24	-2.51	-0.419	0.0	0.0	0.0	0.0	0.0
G	0.0	0.0	0.0	0.0	-0.21	-9.01	-2.1	-0.21	-0.21	0.0	0.0	0.0	0.0
I	0.0	0.0	0.0	-0.21	-0.419	-1.47	-5.87	-0.838	-6.08	0.0	0.0	0.0	0.0
L	0.0	0.0	0.0	0.0	0.0	-0.21	-0.21	0.0	-1.05	0.0	0.0	0.0	0.0
N	0.0	0.0	0.0	-0.419	0.0	0.0	0.0	0.0	-1.68	0.0	0.0	0.0	0.0
A	0.0	0.0	0.0	0.0	0.0	0.0	0.0	0.0	0.0	0.0	0.0	0.0	0.0
A	0.0	0.0	0.0	0.0	0.0	0.0	0.0	0.0	0.0	0.0	0.0	0.0	0.0
K	0.0	0.0	0.0	0.0	0.0	0.0	0.0	0.0	0.0	0.0	0.0	0.0	0.0
V	0.0	0.0	0.0	0.0	0.0	0.0	0.0	0.0	0.0	0.0	0.0	0.0	0.0
P	0.0	0.0	0.0	0.0	0.0	0.0	0.0	0.0	0.0	0.0	0.0	0.0	0.0
A	0.0	0.0	0.0	0.0	0.0	0.0	0.0	0.0	0.0	0.0	0.0	0.0	0.0
D	0.0	0.0	0.0	0.0	0.0	0.0	0.0	0.0	0.0	0.0	0.0	0.0	0.0

