/	C	A	S	T	Y	H	G	T	G	Y	F
G	0.0	0.0	0.0	0.0	0.0	0.0	0.0	0.0	0.0	0.0	0.0
E	0.0	0.0	0.0	0.0	0.0	0.0	0.0	0.0	0.0	0.0	0.0
L	0.0	0.0	0.0	0.0	0.0	0.0	0.0	0.0	0.0	0.0	0.0
I	0.0	0.0	0.0	0.0	0.0	0.0	0.0	0.0	0.0	0.0	0.0
G	0.0	0.0	0.0	0.0	0.0	0.0	0.0	0.0	0.0	0.0	0.0
I	0.0	0.0	0.0	0.0	0.0	0.0	0.0	0.0	0.0	0.0	0.0
L	0.0	0.0	0.0	0.0	-0.242	-0.242	0.0	0.0	0.0	0.0	0.0
N	0.0	0.0	0.0	0.0	-2.42	-2.91	-0.242	0.0	0.0	0.0	0.0
A	0.0	0.0	0.0	0.0	-35.1	-8.96	0.0	0.0	0.0	0.0	0.0
A	0.0	0.0	0.0	0.0	-2.66	-3.39	0.0	0.0	0.0	0.0	0.0
K	0.0	0.0	0.0	0.0	-4.84	-0.484	0.0	0.0	0.0	0.0	0.0
V	0.0	0.0	0.0	0.0	0.0	0.0	0.0	0.0	0.0	0.0	0.0
P	0.0	0.0	0.0	0.0	0.0	0.0	0.0	0.0	0.0	0.0	0.0
A	0.0	0.0	0.0	0.0	0.0	0.0	0.0	0.0	0.0	0.0	0.0
D	0.0	0.0	0.0	0.0	0.0	0.0	0.0	0.0	0.0	0.0	0.0

