/	C	A	S	T	Y	H	G	T	G	Y	F
G	0.0	0.0	0.0	0.0	0.0	0.0	0.0	0.0	0.0	0.0	0.0
E	0.0	0.0	0.0	0.0	0.0	0.0	0.0	0.0	0.0	0.0	0.0
L	0.0	0.0	0.0	0.0	0.0	0.0	0.0	0.0	0.0	0.0	0.0
I	0.0	0.0	0.0	0.0	0.0	0.0	0.0	0.0	0.0	0.0	0.0
G	0.0	0.0	0.0	0.0	0.0	0.0	0.0	0.0	0.0	0.0	0.0
T	0.0	0.0	0.0	0.0	0.0	0.0	0.0	0.0	0.0	0.0	0.0
L	0.0	0.0	0.0	0.0	-0.336	-0.336	0.0	0.0	0.0	0.0	0.0
N	0.0	0.0	0.0	-0.224	2.68	5.48	-0.224	0.0	0.0	0.0	0.0
A	0.0	0.0	0.0	0.0	-25.5	-6.6	0.0	0.0	0.0	0.0	0.0
A	0.0	0.0	0.0	0.0	-3.69	-3.58	0.0	0.0	0.0	0.0	0.0
K	0.0	0.0	0.0	0.0	-4.59	-0.448	0.0	0.0	0.0	0.0	0.0
V	0.0	0.0	0.0	0.0	0.0	0.0	0.0	0.0	0.0	0.0	0.0
P	0.0	0.0	0.0	0.0	0.0	0.0	0.0	0.0	0.0	0.0	0.0
A	0.0	0.0	0.0	0.0	0.0	0.0	0.0	0.0	0.0	0.0	0.0
D	0.0	0.0	0.0	0.0	0.0	0.0	0.0	0.0	0.0	0.0	0.0

