/	C	A	V	Q	A	S	G	G	S	Y	I	P	T	F
E	0.0	0.0	0.0	0.0	-0.0728	-2.48	0.0	0.0	-0.146	16.5	0.0	0.0	0.0	0.0
P	0.0	0.0	0.0	0.0	0.0	-0.0728	0.0	0.0	0.0	-0.437	0.0	0.0	0.0	0.0
L	0.0	0.0	0.0	0.0	0.0	0.0	0.0	0.0	0.0	-0.437	0.0	0.0	0.0	0.0
P	0.0	0.0	0.0	-0.146	-0.0728	-0.146	0.0	0.0	-0.146	-8.38	0.0	0.0	0.0	0.0
Q	0.0	0.0	0.0	0.0	0.0	0.0	0.0	0.0	0.0	-0.146	0.0	0.0	0.0	0.0
G	0.0	0.0	0.0	0.0	0.0	0.0	0.0	0.0	0.0	0.0	0.0	0.0	0.0	0.0
Q	0.0	0.0	0.0	0.0	0.0	0.0	0.0	0.0	0.0	0.0	0.0	0.0	0.0	0.0
L	0.0	0.0	0.0	0.0	0.0	0.0	0.0	0.0	0.0	0.0	0.0	0.0	0.0	0.0
T	0.0	0.0	0.0	0.0	0.0	0.0	0.0	0.0	0.0	0.0	0.0	0.0	0.0	0.0
A	0.0	0.0	0.0	0.0	0.0	0.0	0.0	0.0	0.0	0.0	0.0	0.0	0.0	0.0
Y	0.0	0.0	0.0	0.0	0.0	0.0	0.0	0.0	0.0	0.0	0.0	0.0	0.0	0.0

