/	C	A	T	G	T	G	D	S	N	Q	P	Q	H	F
E	0.0	0.0	0.0	0.0	0.0	0.0	0.0	0.0	0.0	0.0	0.0	0.0	0.0	0.0
P	0.0	0.0	0.0	0.0	0.0	0.0	0.0	0.0	0.0	0.0	0.0	0.0	0.0	0.0
L	0.0	0.0	0.0	0.0	0.0	0.0	0.0	-0.0729	0.0	0.0	0.0	0.0	0.0	0.0
P	0.0	0.0	0.0	0.0	0.0	-0.729	-0.583	-1.82	-0.0729	0.0	0.0	0.0	0.0	0.0
Q	0.0	0.0	0.0	0.0	0.0729	-3.35	2.62	-1.6	-0.146	-0.0729	0.0	0.0	0.0	0.0
G	0.0	0.0	0.0	-0.0729	-8.46	-1.75	-3.43	-0.219	0.0	0.0	0.0	0.0	0.0	0.0
Q	0.0	0.0	-0.0729	0.947	-24.1	-1.68	103.0	-0.0729	0.0	-0.364	0.0	0.0	0.0	0.0
L	0.0	0.0	0.0	-0.0729	-6.71	-0.292	-13.9	0.0	-0.364	-4.01	-0.0729	0.0	0.0	0.0
T	0.0	0.0	0.0	0.0	-0.292	-0.0729	-5.18	0.0	0.0	0.0	0.0	0.0	0.0	0.0
A	0.0	0.0	0.0	0.0	0.0	0.0	-0.219	0.0	0.0	0.0	0.0	0.0	0.0	0.0
Y	0.0	0.0	0.0	0.0	0.0	0.0	0.0	0.0	0.0	0.0	0.0	0.0	0.0	0.0

