/	C	A	S	S	Y	L	G	N	T	G	E	L	F	F
S	0.0	0.0	0.0	0.0	0.0	0.0	0.0	0.0	0.0	0.0	0.0	0.0	0.0	0.0
L	0.0	0.0	0.0	0.0	0.0	0.0	0.0	0.0	0.0	0.0	0.0	0.0	0.0	0.0
L	0.0	0.0	0.0	0.0	0.0	0.0	0.0	0.0	0.0	0.0	0.0	0.0	0.0	0.0
M	0.0	0.0	0.0	0.0	0.0	-0.69	-0.138	0.0	0.0	0.0	0.0	0.0	0.0	0.0
W	0.0	0.0	0.0	-0.276	-4.97	-17.4	-8.0	-1.38	-0.828	-3.31	-0.276	-0.138	0.0	0.0
I	0.0	0.0	0.0	0.0	-0.828	-11.5	-3.73	-0.414	0.0	0.0	0.0	0.0	0.0	0.0
T	0.0	0.0	0.0	0.0	-0.828	-0.552	-13.9	-16.8	-0.414	-0.138	0.0	0.0	0.0	0.0
Q	0.0	0.0	0.0	-0.138	-6.62	0.0	-0.552	-1.24	0.0	0.0	0.0	0.0	0.0	0.0
C	0.0	0.0	0.0	0.0	0.0	0.0	0.0	0.0	0.0	0.0	0.0	0.0	0.0	0.0

