/	C	A	V	R	P	L	L	D	G	T	Y	I	P	T	F
S	0.0	0.0	0.0	0.0	0.0	0.0	-0.552	0.0	0.0	0.0	0.0	0.0	0.0	0.0	0.0
L	0.0	0.0	0.0	0.0	0.0	0.0	-0.276	0.0	-0.138	0.0	-0.138	0.0	0.0	0.0	0.0
L	0.0	0.0	0.0	0.0	0.0	-0.552	-0.276	0.0	-0.138	0.0	-0.69	0.0	0.0	0.0	0.0
M	0.0	0.0	0.0	-0.276	-5.38	-5.93	-8.0	-10.5	-9.25	-3.31	-34.8	-0.414	0.0	0.0	0.0
W	0.0	0.0	-0.138	-6.76	-24.1	-10.6	-2.07	-0.69	-0.138	-0.276	-18.9	-0.414	-0.138	0.0	0.0
I	0.0	0.0	0.0	0.0	0.0	0.0	0.0	0.0	0.0	0.0	0.0	0.0	0.0	0.0	0.0
T	0.0	0.0	0.0	0.0	0.0	0.0	0.0	0.0	0.0	0.0	0.0	0.0	0.0	0.0	0.0
Q	0.0	0.0	0.0	0.0	0.0	0.0	0.0	0.0	0.0	0.0	0.0	0.0	0.0	0.0	0.0
C	0.0	0.0	0.0	0.0	0.0	0.0	0.0	0.0	0.0	0.0	0.0	0.0	0.0	0.0	0.0

