/	C	A	V	R	P	L	L	D	G	T	Y	I	P	T	F
S	0.0	0.0	0.0	0.0	0.0	0.0	-0.418	0.0	0.0	0.0	0.0	0.0	0.0	0.0	0.0
L	0.0	0.0	0.0	0.0	0.0	0.0	-0.139	0.0	-0.139	0.0	-0.139	0.0	0.0	0.0	0.0
L	0.0	0.0	0.0	0.0	0.0	-0.557	-0.279	0.0	-0.139	0.0	-0.696	0.0	0.0	0.0	0.0
M	0.0	0.0	0.0	-0.279	-6.96	-7.94	-7.52	-10.2	-11.1	-3.06	-39.4	-0.418	0.0	0.0	0.0
W	0.0	0.0	-0.139	-6.41	-21.0	-8.49	-1.95	-0.557	0.0	-0.279	-18.2	-0.418	-0.139	0.0	0.0
I	0.0	0.0	0.0	0.0	0.0	0.0	0.0	0.0	0.0	0.0	-0.139	0.0	0.0	0.0	0.0
T	0.0	0.0	0.0	0.0	0.0	0.0	0.0	0.0	0.0	0.0	0.0	0.0	0.0	0.0	0.0
Q	0.0	0.0	0.0	0.0	0.0	0.0	0.0	0.0	0.0	0.0	0.0	0.0	0.0	0.0	0.0
C	0.0	0.0	0.0	0.0	0.0	0.0	0.0	0.0	0.0	0.0	0.0	0.0	0.0	0.0	0.0

