/	C	A	S	S	Y	L	G	N	T	G	E	L	F	F
S	0.0	0.0	0.0	0.0	0.0	0.0	0.0	0.0	0.0	0.0	0.0	0.0	0.0	0.0
L	0.0	0.0	0.0	0.0	0.0	0.0	0.0	0.0	0.0	0.0	0.0	0.0	0.0	0.0
L	0.0	0.0	0.0	0.0	0.0	0.0	0.0	0.0	0.0	0.0	0.0	0.0	0.0	0.0
M	0.0	0.0	0.0	0.0	0.0	-0.975	-0.139	0.0	0.0	0.0	0.0	0.0	0.0	0.0
W	0.0	0.0	0.0	-0.139	-5.15	-16.3	-7.52	-1.25	-0.696	-3.2	-0.279	-0.139	0.0	0.0
I	0.0	0.0	0.0	0.0	-0.975	-13.2	-4.18	-0.418	0.0	0.0	0.0	0.0	0.0	0.0
T	0.0	0.0	0.0	0.0	-0.836	-0.557	-14.8	-14.9	-0.418	-0.139	0.0	0.0	0.0	0.0
Q	0.0	0.0	0.0	-0.139	-6.55	0.0	-0.418	-1.11	0.0	0.0	0.0	0.0	0.0	0.0
C	0.0	0.0	0.0	0.0	0.0	0.0	0.0	0.0	0.0	0.0	0.0	0.0	0.0	0.0

