/	C	A	V	R	P	L	L	D	G	T	Y	I	P	T	F
S	0.0	0.0	0.0	0.0	0.0	0.0	-0.277	0.0	0.0	0.0	0.0	0.0	0.0	0.0	0.0
L	0.0	0.0	0.0	0.0	0.0	0.0	-0.138	0.0	-0.138	0.0	-0.138	0.0	0.0	0.0	0.0
L	0.0	0.0	0.0	0.0	0.0	-0.692	-0.277	0.0	0.0	0.0	-0.692	0.0	0.0	0.0	0.0
M	0.0	0.0	0.0	-0.277	-7.2	-7.47	-6.78	-8.72	-10.4	-3.32	-39.0	-0.277	0.0	0.0	0.0
W	0.0	0.0	-0.138	-5.67	-23.4	-8.03	-1.52	-0.554	-0.138	-0.138	-16.5	-0.277	-0.138	0.0	0.0
I	0.0	0.0	0.0	0.0	0.0	0.0	0.0	0.0	0.0	0.0	-0.138	0.0	0.0	0.0	0.0
T	0.0	0.0	0.0	0.0	0.0	0.0	0.0	0.0	0.0	0.0	0.0	0.0	0.0	0.0	0.0
Q	0.0	0.0	0.0	0.0	0.0	0.0	0.0	0.0	0.0	0.0	0.0	0.0	0.0	0.0	0.0
C	0.0	0.0	0.0	0.0	0.0	0.0	0.0	0.0	0.0	0.0	0.0	0.0	0.0	0.0	0.0

