/	C	A	S	S	Y	L	G	N	T	G	E	L	F	F
S	0.0	0.0	0.0	0.0	0.0	0.0	0.0	0.0	0.0	0.0	0.0	0.0	0.0	0.0
L	0.0	0.0	0.0	0.0	0.0	0.0	0.0	0.0	0.0	0.0	0.0	0.0	0.0	0.0
L	0.0	0.0	0.0	0.0	0.0	0.0	0.0	0.0	0.0	0.0	0.0	0.0	0.0	0.0
M	0.0	0.0	0.0	0.0	0.0	-0.779	-0.13	0.0	0.0	0.0	0.0	0.0	0.0	0.0
W	0.0	0.0	0.0	-0.26	-5.07	-13.8	-6.63	-1.3	-0.65	-2.73	-0.26	-0.13	0.0	0.0
I	0.0	0.0	0.0	0.0	-0.65	-9.87	-4.68	-0.39	0.0	0.0	0.0	0.0	0.0	0.0
T	0.0	0.0	0.0	0.0	-0.65	-0.52	-12.2	-20.5	-0.39	-0.13	0.0	0.0	0.0	0.0
Q	0.0	0.0	0.0	-0.13	-7.53	-0.13	-0.52	-1.17	0.0	0.0	0.0	0.0	0.0	0.0
C	0.0	0.0	0.0	0.0	0.0	0.0	0.0	0.0	0.0	0.0	0.0	0.0	0.0	0.0

