/	C	A	S	S	S	R	S	S	Y	E	Q	Y	F
G	0.0	0.0	0.0	0.0	0.0	0.0	0.0	0.0	0.0	0.0	0.0	0.0	0.0
I	0.0	0.0	0.0	0.0	0.0	0.0	0.0	0.0	0.0	0.0	0.0	0.0	0.0
L	0.0	0.0	0.0	0.0	0.0	0.0	0.0	0.0	0.0	0.0	0.0	0.0	0.0
G	0.0	0.0	0.0	0.0	0.0	0.0	-0.57	0.0	0.0	0.0	0.0	0.0	0.0
F	0.0	0.0	0.0	0.0	0.0	-1.99	-3.99	-4.56	0.0	0.0	0.0	0.0	0.0
V	0.0	0.0	0.0	0.0	0.0	-3.56	5.13	-0.142	0.0	0.0	0.0	0.0	0.0
F	0.0	0.0	0.0	0.0	-0.285	-3.7	-1.99	-0.142	0.0	0.0	0.0	0.0	0.0
T	0.0	0.0	0.0	0.0	-0.285	-0.712	-0.142	0.0	0.0	0.0	0.0	0.0	0.0
L	0.0	0.0	0.0	0.0	0.0	0.0	0.0	0.0	0.0	0.0	0.0	0.0	0.0

