/	C	A	G	A	G	S	Q	G	N	L	I	F
G	0.0	0.0	0.0	0.0	0.0	0.0	0.0	0.0	0.0	0.0	0.0	0.0
I	0.0	0.0	0.0	0.0	0.0	0.0	-0.285	0.0	0.0	0.0	0.0	0.0
L	0.0	0.0	0.0	0.0	0.0	-2.14	-0.855	0.0	0.0	0.0	0.0	0.0
G	0.0	0.0	0.0	0.0	-0.285	-12.8	-12.7	-0.285	-0.142	0.0	0.0	0.0
F	0.0	0.0	0.0	-0.285	-2.42	-7.55	-5.27	-3.99	-0.427	0.0	0.0	0.0
V	0.0	0.0	0.0	0.0	0.0	0.0	-0.285	-0.57	0.0	0.0	0.0	0.0
F	0.0	0.0	0.0	0.0	0.0	0.0	0.0	0.0	0.0	0.0	0.0	0.0
T	0.0	0.0	0.0	0.0	0.0	0.0	0.0	0.0	0.0	0.0	0.0	0.0
L	0.0	0.0	0.0	0.0	0.0	0.0	0.0	0.0	0.0	0.0	0.0	0.0

