/	C	A	S	S	S	R	S	S	Y	E	Q	Y	F
G	0.0	0.0	0.0	0.0	0.0	0.0	0.0	0.0	0.0	0.0	0.0	0.0	0.0
I	0.0	0.0	0.0	0.0	0.0	0.0	0.0	0.0	0.0	0.0	0.0	0.0	0.0
L	0.0	0.0	0.0	0.0	0.0	0.0	0.0	0.0	0.0	0.0	0.0	0.0	0.0
G	0.0	0.0	0.0	0.0	0.0	0.0	-0.567	0.0	0.0	0.0	0.0	0.0	0.0
F	0.0	0.0	0.0	0.0	0.0	-1.13	-3.4	-4.11	0.0	0.0	0.0	0.0	0.0
V	0.0	0.0	0.0	0.0	0.0	-4.11	4.25	-0.284	0.0	0.0	0.0	0.0	0.0
F	0.0	0.0	0.0	0.0	-0.284	-4.11	-1.7	-0.142	0.0	0.0	0.0	0.0	0.0
T	0.0	0.0	0.0	0.0	-0.284	-0.851	0.0	0.0	0.0	0.0	0.0	0.0	0.0
L	0.0	0.0	0.0	0.0	0.0	0.0	0.0	0.0	0.0	0.0	0.0	0.0	0.0

