/	C	A	G	A	G	S	Q	G	N	L	I	F
G	0.0	0.0	0.0	0.0	0.0	0.0	0.0	0.0	0.0	0.0	0.0	0.0
I	0.0	0.0	0.0	0.0	0.0	0.0	-0.425	0.0	0.0	0.0	0.0	0.0
L	0.0	0.0	0.0	0.0	0.0	-1.7	-0.709	0.0	0.0	0.0	0.0	0.0
G	0.0	0.0	0.0	0.0	-0.284	-11.8	-12.1	-0.425	-0.142	0.0	0.0	0.0
F	0.0	0.0	0.0	-0.284	-2.69	-7.66	-5.39	-3.97	-0.425	0.0	0.0	0.0
V	0.0	0.0	0.0	0.0	0.0	0.0	-0.284	-0.567	0.0	0.0	0.0	0.0
F	0.0	0.0	0.0	0.0	0.0	0.0	0.0	0.0	0.0	0.0	0.0	0.0
T	0.0	0.0	0.0	0.0	0.0	0.0	0.0	0.0	0.0	0.0	0.0	0.0
L	0.0	0.0	0.0	0.0	0.0	0.0	0.0	0.0	0.0	0.0	0.0	0.0

