/	C	A	S	S	S	R	A	S	Y	E	Q	Y	F
G	0.0	0.0	0.0	0.0	0.0	0.0	0.0	0.0	0.0	0.0	0.0	0.0	0.0
I	0.0	0.0	0.0	0.0	0.0	0.0	0.0	0.0	0.0	0.0	0.0	0.0	0.0
L	0.0	0.0	0.0	0.0	0.0	0.0	0.0	0.0	0.0	0.0	0.0	0.0	0.0
G	0.0	0.0	0.0	0.0	0.0	0.0	-0.141	0.0	0.0	0.0	0.0	0.0	0.0
F	0.0	0.0	0.0	0.0	0.0	-1.27	-2.95	-4.22	0.0	0.0	0.0	0.0	0.0
V	0.0	0.0	0.0	0.0	0.0	-3.94	-5.49	-0.281	0.0	0.0	0.0	0.0	0.0
F	0.0	0.0	0.0	0.0	-0.422	-4.78	-1.27	-0.141	0.0	0.0	0.0	0.0	0.0
T	0.0	0.0	0.0	0.0	-0.281	-0.844	0.0	0.0	0.0	0.0	0.0	0.0	0.0
L	0.0	0.0	0.0	0.0	0.0	0.0	0.0	0.0	0.0	0.0	0.0	0.0	0.0

