/	C	A	G	A	G	S	Q	G	N	L	I	F
G	0.0	0.0	0.0	0.0	0.0	0.0	0.0	0.0	0.0	0.0	0.0	0.0
I	0.0	0.0	0.0	0.0	0.0	0.0	-0.575	0.0	0.0	0.0	0.0	0.0
L	0.0	0.0	0.0	0.0	0.0	-1.87	-0.575	0.0	0.0	0.0	0.0	0.0
G	0.0	0.0	0.0	0.0	-0.287	-12.6	-11.5	-0.862	-0.144	0.0	0.0	0.0
F	0.0	0.0	0.0	-0.287	-2.59	-7.04	-4.31	-3.45	-0.431	0.0	0.0	0.0
V	0.0	0.0	0.0	0.0	0.0	0.0	-0.144	-0.431	0.0	0.0	0.0	0.0
F	0.0	0.0	0.0	0.0	0.0	0.0	0.0	0.0	0.0	0.0	0.0	0.0
T	0.0	0.0	0.0	0.0	0.0	0.0	0.0	0.0	0.0	0.0	0.0	0.0
L	0.0	0.0	0.0	0.0	0.0	0.0	0.0	0.0	0.0	0.0	0.0	0.0

