/	C	A	S	T	G	S	Y	G	Y	T	F
K	0.0	0.0	0.0	0.0	0.0	0.0	0.0	0.0	0.0	0.0	0.0
A	0.0	0.0	0.0	0.0	0.0	0.0	0.0	0.0	0.0	0.0	0.0
F	0.0	0.0	0.0	0.0	0.0	0.0	-0.313	0.0	0.0	0.0	0.0
S	0.0	0.0	0.0	0.0	0.0	0.0	0.0	0.0	0.0	0.0	0.0
P	0.0	0.0	0.0	0.0	0.0	0.0	-0.313	0.0	0.0	0.0	0.0
E	0.0	0.0	0.0	-0.626	0.0	-0.626	-7.83	-2.51	-0.626	0.0	0.0
V	0.0	0.0	0.0	-0.626	-0.939	-5.95	-11.0	-0.313	0.0	0.0	0.0
I	0.0	0.0	0.0	0.0	0.0	-0.313	0.0	0.0	0.0	0.0	0.0
P	0.0	0.0	0.0	0.0	0.0	0.0	0.0	0.0	0.0	0.0	0.0
M	0.0	0.0	0.0	0.0	0.0	0.0	0.0	0.0	0.0	0.0	0.0
F	0.0	0.0	0.0	0.0	0.0	0.0	0.0	0.0	0.0	0.0	0.0

