/	C	A	V	S	G	G	Y	Q	K	V	T	F
K	0.0	0.0	0.0	0.0	-0.0606	0.0	0.0	0.0	0.0	0.0	0.0	0.0
A	0.0	0.0	0.0	0.0	0.0	0.0	-0.0606	0.0	0.0	0.0	0.0	0.0
F	0.0	0.0	0.0	0.0	-0.182	-0.121	-2.24	0.0	0.0	0.0	0.0	0.0
S	0.0	0.0	0.0	-0.182	-2.18	-7.76	-6.79	-0.121	-0.0606	0.0	0.0	0.0
P	0.0	0.0	0.0	-0.182	-0.667	-12.3	-25.9	-1.15	-0.182	0.0	0.0	0.0
E	0.0	-0.0606	-0.849	-53.5	-2.73	-25.9	-18.6	-59.3	-3.33	-1.03	-0.0606	0.0
V	0.0	0.0	0.0	-0.0606	0.0	-0.546	-2.18	-5.52	0.0	0.0	0.0	0.0
I	0.0	0.0	0.0	0.0	0.0	-0.121	33.2	-0.727	0.0	0.0	0.0	0.0
P	0.0	0.0	0.0	0.0	0.0	0.0	-0.485	0.0	0.0	0.0	0.0	0.0
M	0.0	0.0	0.0	0.0	0.0	0.0	0.0	0.0	0.0	0.0	0.0	0.0
F	0.0	0.0	0.0	0.0	0.0	0.0	0.0	0.0	0.0	0.0	0.0	0.0

