/	C	A	S	R	P	G	L	A	G	G	R	P	E	Q	Y	F
L	0.0	0.0	0.0	0.0	0.0	0.0	0.0	0.0	0.0	0.0	0.0	0.0	0.0	0.0	0.0	0.0
L	0.0	0.0	0.0	0.0	0.0	0.0	0.0	0.0	0.0	0.0	0.0	0.0	0.0	0.0	0.0	0.0
F	0.0	0.0	0.0	0.0	0.0	0.0	0.0	0.0	0.0	-0.288	0.0	0.0	0.0	0.0	0.0	0.0
G	0.0	0.0	0.0	-0.144	0.0	0.0	-0.288	0.0	0.0	-0.144	0.0	-0.144	0.0	0.0	0.0	0.0
P	0.0	0.0	0.0	0.0	0.0	0.144	-10.4	0.0	-0.288	-1.15	0.0	0.0	0.0	0.0	0.0	0.0
V	0.0	0.0	0.0	0.0	-0.144	-0.577	-12.8	-5.05	-5.19	-4.47	-0.288	0.0	0.0	0.0	0.0	0.0
Y	0.0	0.0	0.0	0.0	-0.288	-0.432	-24.9	-7.5	-0.721	0.0	0.0	0.0	0.0	0.0	0.0	0.0
V	0.0	0.0	0.0	0.0	0.0	0.0	0.0	0.0	0.0	0.0	0.0	0.0	0.0	0.0	0.0	0.0

