/	C	A	S	R	Y	R	D	D	S	Y	N	E	Q	F	F
E	0.0	0.0	0.0	0.0	0.0	0.0	0.0	0.0	0.0	0.0	0.0	0.0	0.0	0.0	0.0
E	0.0	0.0	0.0	0.0	0.0	0.0	0.0	0.0	0.0	0.0	0.0	0.0	0.0	0.0	0.0
N	0.0	0.0	0.0	0.0	0.0	0.0	0.0	0.0	0.0	0.0	0.0	0.0	0.0	0.0	0.0
L	0.0	0.0	0.0	0.0	0.0	0.0	0.0	0.0	0.0	0.0	0.0	0.0	0.0	0.0	0.0
L	0.0	0.0	0.0	0.0	0.0	0.0	0.0	0.0	-0.282	-0.141	-0.141	0.0	0.0	0.0	0.0
D	0.0	0.0	0.0	-69.7	0.0	0.0	0.282	1.27	0.141	-0.141	-0.845	0.0	0.0	0.0	0.0
F	0.0	0.0	0.0	4.64	-0.141	-0.141	0.0	-6.33	-12.8	-8.31	-1.83	-0.141	0.0	0.0	0.0
V	0.0	0.0	0.0	0.0	0.0	0.0	-0.282	-0.141	-0.282	0.0	0.0	0.0	0.0	0.0	0.0
R	0.0	0.0	0.0	3.8	-9.15	4.08	-14.4	-22.2	-1.13	-0.141	0.0	0.0	0.0	0.0	0.0
F	0.0	0.0	0.0	0.0	0.0	0.0	1.69	0.0	0.0	0.0	0.0	0.0	0.0	0.0	0.0

