/	C	I	V	W	G	G	Y	Q	K	V	T	F
E	0.0	0.0	0.0	0.0	0.0	0.0	-0.718	0.0	0.0	0.0	0.0	0.0
E	0.0	0.0	0.0	0.0	0.0	0.0	-0.718	0.0	0.0	0.0	0.0	0.0
N	0.0	0.0	0.0	0.0	0.717	0.0	-0.718	0.0	0.0	0.0	0.0	0.0
L	0.0	0.0	0.0	0.0	1.43	-5.02	-12.2	-0.718	0.0	0.0	0.0	0.0
L	0.0	0.0	0.0	-2.87	-0.718	-0.718	-3.59	0.0	0.0	0.0	0.0	0.0
D	0.0	0.0	0.0	-13.6	0.0	-6.46	-21.5	0.0	0.0	0.0	0.0	0.0
F	0.0	0.0	0.0	-2.15	0.0	0.0	0.0	0.0	0.0	0.0	0.0	0.0
V	0.0	0.0	0.0	0.0	0.0	0.0	0.0	0.0	0.0	0.0	0.0	0.0
R	0.0	0.0	0.0	0.0	0.0	0.0	0.0	0.0	0.0	0.0	0.0	0.0
F	0.0	0.0	0.0	0.0	0.0	0.0	0.0	0.0	0.0	0.0	0.0	0.0

