/	C	A	S	S	P	V	T	G	G	I	Y	G	Y	T	F
N	0.0	0.0	0.0	0.0	0.0	0.0	0.0	0.0	0.0	0.0	0.0	0.0	0.0	0.0	0.0
L	0.0	0.0	0.0	0.0	0.0	0.0	0.0	0.0	0.0	0.0	0.0	0.0	0.0	0.0	0.0
V	0.0	0.0	0.0	0.0	0.0	0.0	0.0	0.0	0.0	0.0	0.0	0.0	0.0	0.0	0.0
P	0.0	0.0	0.0	0.0	0.0	0.0	0.0	-0.264	0.0	0.0	0.0	0.0	0.0	0.0	0.0
M	0.0	0.0	0.0	0.0	0.0	-0.264	-0.661	0.264	-7.93	-3.83	-0.132	0.0	0.0	0.0	0.0
V	0.0	0.0	0.0	0.0	0.0	-0.132	-1.19	-8.06	-0.529	0.0	0.0	0.0	0.0	0.0	0.0
A	0.0	0.0	0.0	0.0	0.0	-1.45	-12.4	-4.23	-4.63	-0.264	0.0	0.0	0.0	0.0	0.0
T	0.0	0.0	0.0	0.0	-0.529	-4.63	-5.02	-1.85	-0.793	0.0	0.0	0.0	0.0	0.0	0.0
V	0.0	0.0	0.0	0.0	0.0	-0.529	-0.132	0.0	0.0	0.0	0.0	0.0	0.0	0.0	0.0

