/	C	A	S	R	P	G	L	A	G	G	R	P	E	Q	Y	F
M	0.0	0.0	0.0	0.0	0.0	0.0	0.0	0.0	0.0	0.0	0.0	0.0	0.0	0.0	0.0	0.0
L	0.0	0.0	0.0	0.0	0.0	0.0	0.0	0.0	0.0	0.0	0.0	0.0	0.0	0.0	0.0	0.0
W	0.0	0.0	0.0	0.0	0.0	0.0	0.0	0.0	0.0	0.0	0.0	-0.143	0.0	0.0	0.0	0.0
G	0.0	0.0	0.0	-0.143	0.0	0.0	-0.143	0.0	0.0	0.0	0.0	-0.143	0.0	0.0	0.0	0.0
Y	0.0	0.0	0.0	0.0	-0.429	-0.859	-0.716	-0.286	-4.87	-2.43	-0.859	-6.15	-0.143	0.0	0.0	0.0
L	0.0	0.0	0.0	0.0	0.0	-0.143	-3.15	-0.286	-0.859	-0.143	0.0	0.0	0.0	0.0	0.0	0.0
Q	0.0	0.0	0.0	0.0	-0.143	-0.143	-3.15	-1.57	-4.29	-1.72	0.0	0.0	0.0	0.0	0.0	0.0
Y	0.0	0.0	0.0	0.0	-0.286	-0.286	-16.0	-6.73	-1.29	0.0	0.0	0.0	0.0	0.0	0.0	0.0
V	0.0	0.0	0.0	0.0	0.0	0.0	0.0	0.0	0.0	0.0	0.0	0.0	0.0	0.0	0.0	0.0

