/	C	A	V	T	T	D	S	W	G	K	L	Q	F
M	0.0	0.0	0.0	0.0	-0.429	-0.143	0.0	0.0	0.0	0.0	0.0	0.0	0.0
L	0.0	0.0	0.0	0.0	0.143	-0.286	0.0	0.0	0.0	0.0	0.0	0.0	0.0
W	0.0	0.0	0.0	0.0	-0.572	-0.716	-0.286	0.0	0.0	0.0	0.0	0.0	0.0
G	0.0	0.0	0.0	-0.143	-4.01	-15.3	-13.7	-0.716	-0.286	0.0	0.0	0.0	0.0
Y	0.0	0.0	0.0	0.0	-0.143	-1.72	-5.44	-0.143	0.0	0.0	0.0	0.0	0.0
L	0.0	0.0	0.0	0.0	0.0	-0.286	-1.57	-0.143	0.0	0.0	0.0	0.0	0.0
Q	0.0	0.0	0.0	0.0	0.0	0.0	-0.143	0.0	0.0	0.0	0.0	0.0	0.0
Y	0.0	0.0	0.0	0.0	0.0	0.0	0.0	-0.286	0.0	0.0	0.0	0.0	0.0
V	0.0	0.0	0.0	0.0	0.0	0.0	0.0	0.0	0.0	0.0	0.0	0.0	0.0

