/	C	A	W	S	E	T	G	L	G	T	G	E	L	F	F
E	0.0	0.0	0.0	0.0	0.0	0.0	0.0	0.0	0.0	0.0	0.0	0.0	0.0	0.0	0.0
L	0.0	0.0	0.0	0.0	0.0	0.0	0.0	-0.545	0.0	0.0	0.0	0.0	0.0	0.0	0.0
A	0.0	0.0	0.0	0.0	0.0	0.0	0.0	-3.82	-0.182	0.0	0.0	0.0	0.0	0.0	0.0
G	0.0	0.0	0.0	0.0	0.0	0.0	0.0	-9.09	2.54	-0.364	-0.182	0.0	0.0	0.0	0.0
I	0.0	0.0	0.0	0.0	0.0	0.0	-0.182	-3.27	0.908	-7.45	-1.27	0.0	0.0	0.0	0.0
G	0.0	0.0	0.0	0.0	0.0	0.0	0.0	-1.64	0.545	-1.82	0.0	0.0	0.0	0.0	0.0
I	0.0	0.0	0.0	0.0	0.0	0.182	-8.18	-34.7	-2.36	-0.545	0.0	0.0	0.0	0.0	0.0
L	0.0	0.0	0.0	0.0	-2.36	-4.91	-2.0	-3.45	2.91	-0.727	0.0	0.0	0.0	0.0	0.0
T	0.0	0.0	0.0	0.0	-0.545	-1.82	-0.727	-0.182	0.0	0.0	0.0	0.0	0.0	0.0	0.0
V	0.0	0.0	0.0	0.0	0.0	0.0	0.0	0.0	0.0	0.0	0.0	0.0	0.0	0.0	0.0

