/	C	A	V	N	V	A	G	K	S	T	F
E	0.0	0.0	0.0	0.0	-0.767	-1.28	-0.128	0.0	0.0	0.0	0.0
L	0.0	0.0	0.0	0.0	0.0	-0.128	-0.128	0.0	0.0	0.0	0.0
A	0.0	0.0	0.0	-0.128	0.0	0.0	-0.128	0.0	0.0	0.0	0.0
G	0.0	0.0	0.0	-13.2	-0.256	-0.128	-0.639	-0.128	0.0	0.0	0.0
I	0.0	0.0	0.0	-2.69	-0.128	0.0	-0.128	0.0	0.0	0.0	0.0
G	0.0	0.0	0.0	0.0	0.0	0.0	0.0	0.0	0.0	0.0	0.0
I	0.0	0.0	0.0	0.0	0.0	0.0	0.0	0.0	0.0	0.0	0.0
L	0.0	0.0	0.0	0.0	0.0	0.0	0.0	0.0	0.0	0.0	0.0
T	0.0	0.0	0.0	0.0	0.0	0.0	0.0	0.0	0.0	0.0	0.0
V	0.0	0.0	0.0	0.0	0.0	0.0	0.0	0.0	0.0	0.0	0.0

