/	C	I	L	P	L	A	G	G	T	S	Y	G	K	L	T	F
E	0.0	0.0	0.0	0.0	0.0	0.0	0.0	0.0	0.0	0.0	0.0	0.0	0.0	0.0	0.0	0.0
E	0.0	0.0	0.0	0.0	0.0	0.0	0.0	-0.12	0.0	0.0	0.0	0.0	0.0	0.0	0.0	0.0
Y	0.0	0.0	0.0	0.0	-0.42	0.0	-0.18	-0.42	-0.06	0.0	0.0	0.0	0.0	0.0	0.0	0.0
L	0.0	0.0	0.0	-0.18	-9.18	-0.3	-0.72	-6.3	-3.84	-5.28	-1.62	-0.12	0.0	0.0	0.0	0.0
K	0.0	0.0	0.0	0.0	-1.14	0.0	0.0	-0.18	0.0	-0.12	-0.18	0.0	0.0	0.0	0.0	0.0
A	0.0	0.0	0.0	-0.18	-3.36	0.0	0.0	-0.06	-0.06	-1.62	-4.74	-0.84	-0.06	0.0	0.0	0.0
W	0.0	0.0	0.0	-0.12	-1.26	0.0	0.0	0.0	0.0	0.0	-0.24	-0.12	0.0	0.0	0.0	0.0
T	0.0	0.0	0.0	0.0	0.0	0.0	0.0	0.0	0.0	0.0	-0.12	0.0	0.0	0.0	0.0	0.0
F	0.0	0.0	0.0	0.0	0.0	0.0	0.0	0.0	0.0	0.0	0.0	0.0	0.0	0.0	0.0	0.0

