/	C	A	S	S	L	G	Q	A	Y	E	Q	Y	F
E	0.0	0.0	0.0	0.0	0.0	0.0	0.0	0.0	0.0	0.0	0.0	0.0	0.0
E	0.0	0.0	0.0	0.0	0.0	0.0	0.0	0.0	0.0	0.0	0.0	0.0	0.0
Y	0.0	0.0	0.0	0.0	0.0	0.0	0.0	0.0	0.0	0.0	0.0	0.0	0.0
L	0.0	0.0	0.0	0.0	0.0	0.0	-0.292	0.0	0.0	0.0	0.0	0.0	0.0
Q	0.0	0.0	0.0	0.0	0.0	0.0	-0.583	-0.292	0.0	0.0	0.0	0.0	0.0
A	0.0	0.0	0.0	0.0	0.0	-0.292	-19.8	-6.42	-0.583	0.0	0.0	0.0	0.0
F	0.0	0.0	0.0	0.0	0.0	-0.292	-2.33	-10.2	-18.4	-0.292	0.0	0.0	0.0
T	0.0	0.0	0.0	0.0	-0.583	0.0	-3.21	-1.46	8.3	0.0	0.0	0.0	0.0
Y	0.0	0.0	0.0	0.0	0.0	-0.292	0.0	0.0	-0.583	0.0	0.0	0.0	0.0

