/	C	I	L	P	L	A	G	G	T	S	Y	G	K	L	T	F
E	0.0	0.0	0.0	0.0	0.0	0.0	0.0	0.0	0.0	0.0	0.0	0.0	0.0	0.0	0.0	0.0
E	0.0	0.0	0.0	0.0	0.0	0.0	0.0	-0.121	0.0	0.0	0.0	0.0	0.0	0.0	0.0	0.0
Y	0.0	0.0	0.0	0.0	-0.181	0.0	-0.181	-0.482	-0.0603	0.0	0.0	0.0	0.0	0.0	0.0	0.0
L	0.0	0.0	0.0	-0.121	-6.57	-0.241	-0.603	-8.44	-2.29	-4.34	-1.69	-0.0603	0.0	0.0	0.0	0.0
Q	0.0	0.0	0.0	0.0	-0.904	0.0	0.0	-0.121	0.0	-0.0603	-0.121	0.0	0.0	0.0	0.0	0.0
A	0.0	0.0	0.0	-0.121	-5.24	0.0	0.0	-0.121	-0.0603	-1.08	-2.47	-0.422	0.0	0.0	0.0	0.0
F	0.0	0.0	0.0	-0.121	-1.21	0.0	0.0	0.0	0.0	0.0	-0.241	-0.121	0.0	0.0	0.0	0.0
T	0.0	0.0	0.0	0.0	0.0	0.0	0.0	0.0	0.0	0.0	-0.121	0.0	0.0	0.0	0.0	0.0
Y	0.0	0.0	0.0	0.0	0.0	0.0	0.0	0.0	0.0	0.0	0.0	0.0	0.0	0.0	0.0	0.0

