/	C	A	S	P	G	L	A	G	E	Y	E	Q	Y	F
L	0.0	0.0	0.0	0.0	0.0	0.0	0.0	0.0	0.0	0.0	0.0	0.0	0.0	0.0
P	0.0	0.0	0.0	0.0	0.0	0.0	0.0	0.0	0.0	0.0	0.0	0.0	0.0	0.0
E	0.0	0.0	0.0	0.0	0.0	0.0	0.0	0.0	0.0	0.0	0.0	0.0	0.0	0.0
P	0.0	0.0	0.0	0.0	0.0	0.0	0.0	0.0	0.0	0.0	0.0	0.0	0.0	0.0
L	0.0	0.0	0.0	0.0	0.0	0.0	0.0	0.0	0.0	0.0	0.0	0.0	0.0	0.0
P	0.0	0.0	0.0	-0.318	-0.191	-0.509	0.0	0.0	0.0	0.0	0.0	0.0	0.0	0.0
Q	0.0	-0.0636	-0.572	-16.9	-1.34	-0.89	0.0	0.0	0.0	0.0	0.0	0.0	-0.191	0.0
G	0.0	0.0	-0.763	-1.72	-1.59	-0.509	0.0	0.0	0.0	0.0	-0.127	0.0	-0.191	0.0
Q	0.0	0.0	-0.0636	-0.0636	-0.191	-0.127	0.0	0.0	0.0	0.0	-0.954	0.0	0.0	0.0
L	0.0	0.0	0.0	0.0	0.0	0.0	0.0	0.0	0.0	0.0	0.0	0.0	0.0	0.0
T	0.0	0.0	0.0	0.0	0.0	-0.0636	0.0	0.0	0.0	0.0	0.0	0.0	0.0	0.0
A	0.0	0.0	0.0	0.0	0.0	0.0	0.0	0.0	0.0	0.0	0.0	0.0	0.0	0.0
Y	0.0	0.0	0.0	0.0	0.0	0.0	0.0	0.0	0.0	0.0	0.0	0.0	0.0	0.0

