/	C	A	L	S	G	F	Y	N	T	D	K	L	I	F
L	0.0	0.0	0.0	0.0	0.0	0.0	-0.243	0.0	0.0	0.0	0.0	0.0	0.0	0.0
P	0.0	0.0	0.0	0.0	0.0	0.0	-0.183	0.0	0.0	0.0	0.0	0.0	0.0	0.0
E	0.0	0.0	0.0	0.0	0.0	-0.122	-3.29	-0.0608	0.0	0.0	0.0	0.0	0.0	0.0
P	0.0	0.0	0.0	0.0	0.0	-0.426	-17.8	-2.07	-0.304	-0.243	0.0	0.0	0.0	0.0
L	0.0	0.0	0.0	0.0	-0.0608	-0.304	-20.7	-12.7	-1.03	-0.0608	0.0	0.0	0.0	0.0
P	0.0	0.0	0.0	0.0	-0.122	-10.7	-6.21	-11.3	-0.183	-0.183	0.0	0.0	0.0	0.0
Q	0.0	0.0	-0.183	5.65	0.243	-15.0	-15.5	-9.43	-0.791	-13.1	-0.73	-1.58	0.0	0.0
G	0.0	0.0	0.0	0.0	0.0	-0.608	-0.243	-0.852	0.0	0.0	0.0	0.0	0.0	0.0
Q	0.0	0.0	0.0	0.0	0.0	0.0	0.0	-0.0608	0.0	0.0	0.0	0.0	0.0	0.0
L	0.0	0.0	0.0	0.0	0.0	0.0	0.0	-0.0608	0.0	0.0	0.0	0.0	0.0	0.0
T	0.0	0.0	0.0	0.0	0.0	0.0	0.0	0.0	0.0	0.0	0.0	0.0	0.0	0.0
A	0.0	0.0	0.0	0.0	0.0	0.0	0.0	0.0	0.0	0.0	0.0	0.0	0.0	0.0
Y	0.0	0.0	0.0	0.0	0.0	0.0	0.0	0.0	0.0	0.0	0.0	0.0	0.0	0.0

