/	C	A	V	Q	D	L	G	T	S	G	S	R	L	T	F
H	0.0	0.0	0.0	0.0	-0.286	-0.859	-4.29	-0.573	0.0	0.0	0.0	0.0	0.0	0.0	0.0
P	0.0	0.0	0.0	0.0	0.0	0.143	-1.43	-0.143	0.0	0.0	0.0	0.0	0.0	0.0	0.0
V	0.0	0.0	0.0	0.0	-0.143	-12.0	-1.29	-0.716	-0.286	0.0	0.0	0.0	0.0	0.0	0.0
G	0.0	0.0	0.0	0.0	-0.859	-16.5	-2.58	-5.01	-6.44	-0.286	0.0	0.0	0.0	0.0	0.0
E	0.0	0.0	0.0	0.0	0.0	-0.143	-0.143	-0.716	-18.2	-15.6	-0.143	0.0	0.0	0.0	0.0
A	0.0	0.0	0.0	-0.429	-0.143	-0.286	0.0	-0.573	-2.0	-7.59	-10.2	-0.143	0.0	0.0	0.0
D	0.0	0.0	0.0	-0.143	0.0	0.0	0.0	0.0	-1.57	-22.3	-24.6	-0.429	0.0	0.0	0.0
Y	0.0	0.0	0.0	0.0	0.0	0.0	0.0	0.0	0.0	-0.143	0.0	0.0	0.0	0.0	0.0
F	0.0	0.0	0.0	0.0	0.0	-0.143	0.0	0.0	-0.143	-0.286	-0.143	0.0	0.0	0.0	0.0
E	0.0	0.0	0.0	0.0	0.0	0.0	0.0	0.0	0.0	0.0	0.0	0.0	0.0	0.0	0.0
Y	0.0	0.0	0.0	0.0	0.0	0.0	0.0	0.0	0.0	0.0	0.0	0.0	0.0	0.0	0.0

