/	C	A	S	S	A	R	S	G	E	L	F	F
H	0.0	0.0	0.0	0.0	0.0	0.0	0.0	0.0	0.0	0.0	0.0	0.0
P	0.0	0.0	0.0	0.0	0.0	0.0	0.0	0.0	0.0	0.0	0.0	0.0
V	0.0	0.0	0.0	0.0	0.0	0.0	0.0	0.0	0.0	0.0	0.0	0.0
G	0.0	0.0	0.0	0.0	0.0	0.0	0.0	0.0	0.0	0.0	0.0	0.0
E	0.0	0.0	0.0	0.0	0.0	0.0	0.0	0.0	0.0	0.0	0.0	0.0
A	0.0	0.0	0.0	0.0	-0.143	-0.286	-0.143	-0.286	0.0	0.0	0.0	0.0
D	0.0	0.0	-0.429	-33.8	-0.573	-0.573	-0.143	-0.573	0.0	-0.573	0.0	0.0
Y	0.0	0.0	0.572	-37.6	-11.0	-15.6	-0.859	-0.286	-0.429	0.0	0.0	0.0
F	0.0	0.0	0.0	0.0	0.0	-1.15	-0.143	-0.143	0.0	0.0	0.0	0.0
E	0.0	0.0	0.0	0.0	0.0	-2.15	0.0	0.0	0.0	0.0	0.0	0.0
Y	0.0	0.0	0.0	0.0	0.0	-0.143	0.0	0.0	0.0	0.0	0.0	0.0

