/	C	A	V	Q	D	L	G	T	S	G	S	R	L	T	F
H	0.0	0.0	0.0	0.0	-0.141	-0.846	-2.54	-0.282	0.0	0.0	0.0	0.0	0.0	0.0	0.0
P	0.0	0.0	0.0	0.0	0.0	0.564	-1.55	-0.141	0.0	0.0	0.0	0.0	0.0	0.0	0.0
V	0.0	0.0	0.0	0.0	-0.141	-12.8	-1.13	-0.705	-0.423	0.0	0.0	0.0	0.0	0.0	0.0
G	0.0	0.0	0.0	0.0	-0.564	-13.4	-2.26	-5.22	-7.61	-0.282	0.0	0.0	0.0	0.0	0.0
E	0.0	0.0	0.0	0.0	0.0	-0.282	-0.141	-0.846	-21.4	-13.5	-0.141	0.0	0.0	0.0	0.0
A	0.0	0.0	0.0	-0.282	-0.141	-0.282	0.0	-0.564	-3.24	-8.32	-6.63	-0.141	0.0	0.0	0.0
D	0.0	0.0	0.0	-0.141	0.0	0.0	0.0	0.0	-1.97	-18.6	-16.5	-0.423	0.0	0.0	0.0
Y	0.0	0.0	0.0	0.0	0.0	0.0	0.0	0.0	0.0	-0.141	-0.282	0.0	0.0	0.0	0.0
F	0.0	0.0	0.0	0.0	0.0	-0.141	0.0	0.0	-0.141	-0.423	-0.141	0.0	0.0	0.0	0.0
E	0.0	0.0	0.0	0.0	0.0	0.0	0.0	0.0	0.0	0.0	0.0	0.0	0.0	0.0	0.0
Y	0.0	0.0	0.0	0.0	0.0	0.0	0.0	0.0	0.0	0.0	0.0	0.0	0.0	0.0	0.0

