/	C	S	A	R	D	G	T	G	N	G	Y	T	F
G	0.0	0.0	0.0	0.0	0.0	0.0	0.0	0.0	0.0	0.0	0.0	0.0	0.0
L	0.0	0.0	0.0	0.0	0.0	0.0	0.0	0.0	0.0	0.0	0.0	0.0	0.0
C	0.0	0.0	0.0	0.0	0.0	0.0	0.0	0.0	0.0	0.0	0.0	0.0	0.0
T	0.0	0.0	0.0	-3.01	0.0	0.0	0.0	0.0	-0.143	0.0	-0.143	0.0	0.0
L	0.0	0.0	0.0	0.143	0.0	0.0	-0.143	-0.86	-3.3	-0.143	-0.143	0.0	0.0
V	0.0	0.0	0.0	-8.31	0.143	-0.143	-1.15	-8.74	-1.0	-0.43	-0.43	0.0	0.0
A	0.0	0.0	0.0	-0.287	-0.143	-0.143	-12.5	-2.58	-3.01	0.0	0.0	0.0	0.0
M	0.0	0.0	0.0	-1.0	-2.29	-6.45	-20.3	-6.16	-0.716	0.0	0.0	0.0	0.0
L	0.0	0.0	0.0	0.0	0.0	0.0	0.0	0.0	0.0	0.0	0.0	0.0	0.0

