/	C	A	S	R	P	G	L	A	G	G	R	P	E	Q	Y	F
L	0.0	0.0	0.0	0.0	0.0	0.0	0.0	0.0	0.0	0.0	0.0	0.0	0.0	0.0	0.0	0.0
G	0.0	0.0	0.0	0.0	0.0	0.0	0.0	0.0	0.0	0.0	0.0	0.0	0.0	0.0	0.0	0.0
Y	0.0	0.0	0.0	0.0	0.0	0.0	0.0	0.0	0.0	0.0	-0.144	-0.144	0.0	0.0	0.0	0.0
G	0.0	0.0	0.0	-0.144	0.0	0.0	-0.144	0.0	0.0	0.0	0.0	-0.144	0.0	0.0	0.0	0.0
F	0.0	0.0	0.0	0.862	-0.144	-0.863	-0.575	0.0	-0.144	-0.575	-0.431	-8.91	-0.144	0.0	0.0	0.0
V	0.0	0.0	0.0	0.0	0.0	0.144	-6.76	0.0	-0.431	0.0	0.0	0.0	0.0	0.0	0.0	0.0
N	0.0	0.0	0.0	0.0	0.0	-0.288	-12.5	-1.58	-2.3	-0.431	0.0	0.0	0.0	0.0	0.0	0.0
Y	0.0	0.0	0.0	0.0	-0.431	-0.288	-18.5	-6.9	-1.15	0.0	0.0	0.0	0.0	0.0	0.0	0.0
I	0.0	0.0	0.0	0.0	0.0	0.0	0.0	0.0	0.0	0.0	0.0	0.0	0.0	0.0	0.0	0.0

