/	C	A	V	T	T	D	S	W	G	K	L	Q	F
L	0.0	0.0	0.0	0.0	-0.402	0.0	0.0	0.0	0.0	0.0	0.0	0.0	0.0
G	0.0	0.0	0.0	0.0	0.134	-0.134	0.0	0.0	0.0	0.0	0.0	0.0	0.0
Y	0.0	0.0	0.0	0.0	-0.537	-0.805	-0.268	0.0	0.0	0.0	0.0	0.0	0.0
G	0.0	0.0	0.0	-0.268	-4.7	-15.2	-2.28	-0.939	-0.268	0.0	0.0	0.0	0.0
F	0.0	0.0	0.0	-2.55	-2.15	-9.12	-9.93	-0.402	-0.134	0.0	0.0	0.0	0.0
V	0.0	0.0	0.0	0.0	0.0	-0.268	-4.96	-0.268	0.0	0.0	0.0	0.0	0.0
N	0.0	0.0	0.0	0.0	0.0	0.0	-0.268	0.0	0.0	0.0	0.0	0.0	0.0
Y	0.0	0.0	0.0	0.0	0.0	0.0	0.0	-0.268	0.0	0.0	0.0	0.0	0.0
I	0.0	0.0	0.0	0.0	0.0	0.0	0.0	0.0	0.0	0.0	0.0	0.0	0.0

