/	C	A	S	S	L	S	F	G	T	E	A	F	F
E	0.0	0.0	0.0	0.0	0.0	0.0	0.0	0.0	0.0	0.0	0.0	0.0	0.0
L	0.0	0.0	0.0	0.0	0.0	0.0	-0.262	0.0	0.0	0.0	0.0	0.0	0.0
A	0.0	0.0	0.0	0.0	0.0	0.0	-5.76	0.0	0.0	0.0	0.0	0.0	0.0
G	0.0	0.0	0.0	0.0	0.0	-0.262	-3.14	-4.71	0.0	0.0	0.0	0.0	0.0
I	0.0	0.0	0.0	0.0	0.0	-0.524	-6.81	-4.71	-2.62	0.0	0.0	0.0	0.0
G	0.0	0.0	0.0	0.0	0.0	0.256	-1.31	0.0	-0.262	0.0	0.0	0.0	0.0
I	0.0	0.0	0.0	0.0	-0.262	-11.3	-11.3	0.0	-0.262	0.0	0.0	0.0	0.0
L	0.0	0.0	0.0	0.0	-7.33	-4.98	-0.786	0.0	-0.262	0.0	0.0	0.0	0.0
T	0.0	0.0	0.0	0.0	-0.786	-0.262	0.0	0.0	0.0	0.0	0.0	0.0	0.0
V	0.0	0.0	0.0	0.0	0.0	0.0	0.0	0.0	0.0	0.0	0.0	0.0	0.0

