/	C	A	V	N	F	G	G	G	K	L	I	F
E	0.0	0.0	0.0	0.0	0.0	-0.0507	0.0	0.0	0.0	0.0	0.0	0.0
L	0.0	0.0	0.0	0.0	0.0	-0.101	0.0	0.0	0.0	0.0	0.0	0.0
A	0.0	0.0	0.0	-0.0507	0.0	-0.101	-0.101	0.0	0.0	0.0	0.0	0.0
G	0.0	0.0	0.0	0.606	-0.101	-1.22	-0.253	-0.0507	0.0	0.0	0.0	0.0
I	0.0	0.0	0.0	-0.405	0.0	0.0	-0.101	0.0	0.0	0.0	0.0	0.0
G	0.0	0.0	0.0	0.0	0.0	0.0	0.0	0.0	0.0	0.0	0.0	0.0
I	0.0	0.0	0.0	0.0	0.0	0.0	0.0	0.0	0.0	0.0	0.0	0.0
L	0.0	0.0	0.0	0.0	0.0	0.0	0.0	0.0	0.0	0.0	0.0	0.0
T	0.0	0.0	0.0	0.0	0.0	0.0	0.0	0.0	0.0	0.0	0.0	0.0
V	0.0	0.0	0.0	0.0	0.0	0.0	0.0	0.0	0.0	0.0	0.0	0.0

