/	C	A	S	S	L	S	F	G	T	E	A	F	F
A	0.0	0.0	0.0	0.0	0.0	0.0	0.0	0.0	0.0	0.0	0.0	0.0	0.0
A	0.0	0.0	0.0	0.0	0.0	0.0	-0.124	0.0	0.0	0.0	0.0	0.0	0.0
G	0.0	0.0	0.0	0.0	0.0	0.0	-4.7	-0.0619	0.0	0.0	0.0	0.0	0.0
I	0.0	0.0	0.0	0.0	0.0	-0.495	-14.2	-4.15	-1.42	0.0	0.0	0.0	0.0
G	0.0	0.0	0.0	0.0	0.0	0.371	-1.11	-0.248	-0.371	0.0	0.0	0.0	0.0
I	0.0	0.0	0.0	0.0	-0.124	-10.5	-10.2	-0.124	-0.248	0.0	0.0	0.0	0.0
L	0.0	0.0	0.0	-0.124	-7.43	-2.35	-0.99	0.0	-0.309	0.0	0.0	0.0	0.0
T	0.0	0.0	0.0	0.0	-0.804	-0.371	-0.124	0.0	0.0	0.0	0.0	0.0	0.0
V	0.0	0.0	0.0	0.0	0.0	0.0	0.0	0.0	0.0	0.0	0.0	0.0	0.0

