/	C	A	I	S	E	V	G	V	G	Q	P	Q	H	F
E	0.0	0.0	0.0	0.0	0.0	0.0	0.0	0.0	0.0	0.0	0.0	0.0	0.0	0.0
L	0.0	0.0	0.0	0.0	0.0	0.0	0.0	-0.22	0.0	0.0	0.0	0.0	0.0	0.0
A	0.0	0.0	0.0	0.0	0.0	0.0	0.0	-3.41	-0.11	0.0	0.0	0.0	0.0	0.0
G	0.0	0.0	0.0	0.0	0.0	0.0	-0.11	-7.27	-3.63	-0.33	0.0	0.0	0.0	0.0
I	0.0	0.0	0.0	0.0	0.0	0.0	-0.11	-13.0	-4.63	0.22	-0.11	0.0	0.0	0.0
G	0.0	0.0	0.0	0.0	0.0	0.0	-0.11	-2.75	-0.661	2.2	0.0	0.0	0.0	0.0
I	0.0	0.0	0.0	0.0	-0.11	-0.881	-12.7	-25.7	-0.661	-8.59	0.0	0.0	0.0	0.0
L	0.0	0.0	0.0	-0.11	-9.03	-12.9	-5.07	-2.31	-0.11	-7.05	-0.11	0.0	0.0	0.0
T	0.0	0.0	0.0	0.0	-0.771	-6.61	-1.87	-0.11	0.0	-0.22	0.0	0.0	0.0	0.0
V	0.0	0.0	0.0	0.0	0.0	-0.11	0.0	0.0	0.0	0.0	0.0	0.0	0.0	0.0

