/	C	A	I	S	E	V	G	V	G	Q	P	Q	H	F
A	0.0	0.0	0.0	0.0	0.0	0.0	0.0	0.0	0.0	0.0	0.0	0.0	0.0	0.0
A	0.0	0.0	0.0	0.0	0.0	0.0	0.0	-0.274	0.0	0.0	0.0	0.0	0.0	0.0
G	0.0	0.0	0.0	0.0	0.0	0.0	-0.0547	-4.38	-0.109	0.0	0.0	0.0	0.0	0.0
I	0.0	0.0	0.0	0.0	0.0	0.0	-0.164	-3.23	12.8	-1.31	-0.0547	0.0	0.0	0.0
G	0.0	0.0	0.0	0.0	0.0	0.0	-0.109	-4.1	-0.657	0.766	0.0	0.0	0.0	0.0
I	0.0	0.0	0.0	0.0	-0.0547	-0.93	-12.9	-27.1	-0.821	-8.15	0.0	0.0	0.0	0.0
L	0.0	0.0	0.0	-0.109	-4.16	-11.0	-4.49	-2.19	-0.109	-7.39	-0.109	0.0	0.0	0.0
T	0.0	0.0	0.0	0.0	-0.821	-13.7	-2.19	-0.164	0.0	-0.109	0.0	0.0	0.0	0.0
V	0.0	0.0	0.0	0.0	0.0	-0.0547	0.0	0.0	0.0	0.0	0.0	0.0	0.0	0.0

