/	C	A	V	T	T	D	S	W	G	K	L	Q	F
L	0.0	0.0	0.0	0.0	-0.413	0.0	0.0	0.0	0.0	0.0	0.0	0.0	0.0
L	0.0	0.0	0.0	0.0	0.138	-0.276	0.0	0.0	0.0	0.0	0.0	0.0	0.0
F	0.0	0.0	0.0	0.0	-0.689	-0.827	-0.276	0.0	0.0	0.0	0.0	0.0	0.0
G	0.0	0.0	0.0	-0.138	-5.1	-13.5	-12.0	-0.964	-0.276	0.0	0.0	0.0	0.0
F	0.0	0.0	0.0	-3.17	-2.62	-10.2	-7.44	-0.413	-0.138	0.0	0.0	0.0	0.0
P	0.0	0.0	0.0	0.0	0.0	-0.551	-5.1	-0.276	0.0	0.0	0.0	0.0	0.0
V	0.0	0.0	0.0	0.0	0.0	0.0	-0.276	0.0	0.0	0.0	0.0	0.0	0.0
Y	0.0	0.0	0.0	0.0	0.0	0.0	0.0	-0.413	0.0	0.0	0.0	0.0	0.0
V	0.0	0.0	0.0	0.0	0.0	0.0	0.0	0.0	0.0	0.0	0.0	0.0	0.0

