/	C	A	S	R	P	G	L	A	G	G	R	P	E	Q	Y	F
L	0.0	0.0	0.0	0.0	0.0	0.0	0.0	0.0	0.0	0.0	0.0	0.0	0.0	0.0	0.0	0.0
L	0.0	0.0	0.0	0.0	0.0	0.0	0.0	0.0	0.0	0.0	0.0	0.0	0.0	0.0	0.0	0.0
F	0.0	0.0	0.0	0.0	0.0	0.0	0.0	0.0	0.0	0.0	0.0	0.0	0.0	0.0	0.0	0.0
G	0.0	0.0	0.0	-0.138	0.0	0.0	-0.276	0.0	0.0	0.0	0.0	-0.138	0.0	0.0	0.0	0.0
F	0.0	0.0	0.0	1.24	-0.138	-1.1	-0.827	0.0	-0.138	-0.413	-0.413	-8.95	-0.138	0.0	0.0	0.0
P	0.0	0.0	0.0	0.0	0.0	0.275	-12.0	0.0	-0.413	0.0	0.0	0.0	0.0	0.0	0.0	0.0
V	0.0	0.0	0.0	0.0	-0.276	-0.827	-14.2	-4.0	-7.03	-1.38	-0.138	0.0	0.0	0.0	0.0	0.0
Y	0.0	0.0	0.0	0.0	-0.413	-0.413	-26.3	-7.16	-1.1	0.0	0.0	0.0	0.0	0.0	0.0	0.0
V	0.0	0.0	0.0	0.0	0.0	0.0	0.0	0.0	0.0	0.0	0.0	0.0	0.0	0.0	0.0	0.0

