/	C	A	A	L	R	A	T	G	G	N	N	K	L	T	F
A	0.0	0.0	0.0	0.0	0.0	0.0	0.0	0.0	0.0	0.0	0.0	0.0	0.0	0.0	0.0
D	0.0	0.0	0.0	0.0	0.0	0.0	-0.289	0.0	0.0	0.0	0.0	0.0	0.0	0.0	0.0
L	0.0	0.0	0.0	0.0	-0.868	-0.289	-9.12	-0.579	-0.145	0.0	0.0	0.0	0.0	0.0	0.0
I	0.0	0.0	0.0	0.0	-0.289	-0.579	-3.62	0.0	0.0	0.0	0.0	0.0	0.0	0.0	0.0
A	0.0	0.0	0.0	0.0	-0.289	-12.3	-8.25	-0.289	0.0	0.0	0.0	0.0	0.0	0.0	0.0
Y	0.0	0.0	0.0	-0.434	-0.868	-14.0	-4.92	-24.9	-4.05	-1.59	-0.579	0.0	0.0	0.0	0.0
L	0.0	0.0	0.0	0.0	0.0	-0.289	0.0	0.0	0.0	0.0	0.0	0.0	0.0	0.0	0.0
K	0.0	0.0	0.0	-1.45	-0.434	-0.289	0.0	-0.724	-0.289	-0.434	-29.1	-0.434	0.0	0.0	0.0
Q	0.0	0.0	0.0	0.0	0.0	0.0	0.0	0.0	0.0	0.0	-0.145	0.0	0.0	0.0	0.0
A	0.0	0.0	0.0	0.0	0.0	0.0	0.0	0.0	0.0	0.0	0.0	0.0	0.0	0.0	0.0
T	0.0	0.0	0.0	0.0	0.0	0.0	0.0	0.0	0.0	0.0	0.0	0.0	0.0	0.0	0.0
K	0.0	0.0	0.0	0.0	0.0	0.0	0.0	0.0	0.0	0.0	0.0	0.0	0.0	0.0	0.0
G	0.0	0.0	0.0	0.0	0.0	0.0	0.0	0.0	0.0	0.0	0.0	0.0	0.0	0.0	0.0

