/	C	A	S	G	Q	G	N	F	D	I	Q	Y	F
F	0.0	0.0	0.0	0.0	0.0	0.0	0.0	0.0	0.0	0.0	0.0	0.0	0.0
L	0.0	0.0	0.0	0.0	0.0	0.0	0.0	0.0	0.0	0.0	0.0	0.0	0.0
R	0.0	0.0	0.0	0.0	0.0	0.0	0.0	0.0	0.0	0.0	0.0	0.0	0.0
G	0.0	0.0	0.0	0.0	0.0	0.0	0.0	0.0	0.0	0.0	0.0	0.0	0.0
R	0.0	0.0	0.0	0.0	0.0	0.0	-2.18	0.0	0.0	0.0	0.0	0.0	0.0
A	0.0	0.0	0.0	0.0	-0.728	-9.46	-16.0	-1.46	-4.37	0.0	0.0	0.0	0.0
Y	0.0	0.0	0.0	0.0	-10.2	-11.6	-3.64	0.0	10.2	-5.82	0.0	0.728	0.0
G	0.0	0.0	0.0	0.0	0.0	0.0	0.0	0.0	0.0	0.0	0.0	0.0	0.0
L	0.0	0.0	0.0	0.0	0.0	0.0	0.0	0.0	0.0	0.0	0.0	0.0	0.0

