/	C	A	M	R	G	D	S	S	Y	K	L	I	F
A	0.0	0.0	0.0	0.0	0.0	-2.33	0.0	0.0	0.0	0.0	0.0	0.0	0.0
L	0.0	0.0	0.0	0.0	0.0	6.7	-0.146	0.0	0.0	0.0	0.0	0.0	0.0
W	0.0	0.0	0.0	0.0	0.0	-3.35	-0.291	0.0	-0.146	0.0	0.0	0.0	0.0
G	0.0	0.0	0.0	-1.17	-0.291	-15.3	-1.75	-0.437	-0.874	0.0	0.0	0.0	0.0
P	0.0	0.0	0.0	-1.31	-1.6	-6.12	-8.45	-8.45	-14.7	-0.146	0.0	0.0	0.0
D	0.0	0.0	0.0	-0.146	0.0	0.0	-0.291	-0.291	-47.9	0.0	0.0	0.0	0.0
P	0.0	0.0	0.0	0.0	0.0	0.0	0.0	0.0	-0.729	0.0	0.0	0.0	0.0
A	0.0	0.0	0.0	0.0	0.0	0.0	0.0	0.0	-0.146	0.0	0.0	0.0	0.0
A	0.0	0.0	0.0	0.0	0.0	0.0	0.0	0.0	0.0	0.0	0.0	0.0	0.0
A	0.0	0.0	0.0	0.0	0.0	0.0	0.0	0.0	0.0	0.0	0.0	0.0	0.0

