/	C	A	M	R	G	D	S	S	Y	K	L	I	F
A	0.0	0.0	0.0	0.0	0.0	-1.76	0.0	0.0	0.0	0.0	0.0	0.0	0.0
L	0.0	0.0	0.0	0.0	0.0	12.9	-0.293	0.0	0.0	0.0	0.0	0.0	0.0
W	0.0	0.0	0.0	0.0	0.0	-6.58	-0.293	0.0	-0.146	0.0	0.0	0.0	0.0
G	0.0	0.0	0.0	-0.878	-0.439	-18.6	-3.36	-0.585	-0.731	0.0	0.0	0.0	0.0
P	0.0	0.0	0.0	-2.78	-1.46	42.3	-7.02	-8.05	-11.7	-0.146	0.0	0.0	0.0
D	0.0	0.0	0.0	-0.146	0.0	0.146	0.0	-0.439	-52.1	0.0	0.0	0.0	0.0
P	0.0	0.0	0.0	0.0	0.0	0.0	0.0	0.0	-3.66	0.0	0.0	0.0	0.0
A	0.0	0.0	0.0	0.0	0.0	0.0	0.0	0.0	-0.146	0.0	0.0	0.0	0.0
A	0.0	0.0	0.0	0.0	0.0	0.0	0.0	0.0	0.0	0.0	0.0	0.0	0.0
A	0.0	0.0	0.0	0.0	0.0	0.0	0.0	0.0	0.0	0.0	0.0	0.0	0.0

