/	C	A	V	G	A	P	S	G	A	G	S	Y	Q	L	T	F
R	0.0	0.0	0.0	0.0	0.0	0.0	0.0	0.0	0.0	0.0	0.0	0.0	0.0	0.0	0.0	0.0
F	0.0	0.0	0.0	0.0	0.0	-0.093	0.0	0.0	0.0	0.0	0.0	0.0	0.0	0.0	0.0	0.0
P	0.0	0.0	0.0	0.0	0.0	-0.372	0.0	0.0	0.0	0.0	0.0	-0.372	0.0	0.0	0.0	0.0
L	0.0	0.0	-0.093	-1.95	-2.88	-6.33	0.0	0.0	0.0	0.0	0.0	29.4	0.0	0.0	0.0	0.0
T	0.0	0.0	0.0	0.0	0.0	-0.186	0.0	0.0	0.0	0.0	0.0	1.77	0.0	0.0	0.0	0.0
F	0.0	0.0	0.0	-0.186	-0.186	-0.372	0.0	0.0	0.0	-0.279	-0.093	-12.0	-0.093	0.0	0.0	0.0
G	0.0	0.0	0.0	0.0	0.0	0.0	0.0	0.0	0.0	0.0	0.0	-0.279	0.0	0.0	0.0	0.0
W	0.0	0.0	0.0	0.0	0.0	0.0	0.0	0.0	0.0	0.0	0.0	0.0	0.0	0.0	0.0	0.0
C	0.0	0.0	0.0	0.0	0.0	0.0	0.0	0.0	0.0	0.0	0.0	0.0	0.0	0.0	0.0	0.0
F	0.0	0.0	0.0	0.0	0.0	0.0	0.0	0.0	0.0	0.0	0.0	0.0	0.0	0.0	0.0	0.0

