/	C	A	S	S	P	T	S	G	I	Y	E	Q	Y	F
R	0.0	0.0	0.0	0.0	0.0	0.0	0.0	0.0	0.0	0.0	0.0	0.0	0.0	0.0
F	0.0	0.0	0.0	0.0	0.0	0.0	0.0	0.0	0.0	0.0	0.0	0.0	0.0	0.0
P	0.0	0.0	0.0	0.0	0.0	0.0	0.0	0.0	0.0	0.0	0.0	0.0	0.0	0.0
L	0.0	0.0	0.0	0.0	0.0	0.0	0.0	0.0	0.0	-0.093	0.0	0.0	0.0	0.0
T	0.0	0.0	0.0	0.0	0.0	0.0	-0.186	-0.279	0.0	0.0	0.0	0.0	0.0	0.0
F	0.0	0.0	0.0	-0.465	-6.14	-6.23	-16.1	-16.6	-6.05	-15.0	-0.651	0.0	0.0	0.0
G	0.0	0.0	0.0	0.0	0.0	-0.093	-0.93	-5.4	-0.837	-0.186	0.0	0.0	0.0	0.0
W	0.0	0.0	0.0	0.0	0.0	0.0	-0.279	-0.372	0.0	0.0	0.0	0.0	0.0	0.0
C	0.0	0.0	0.0	0.0	0.0	-0.372	-3.63	-4.65	-0.279	0.0	0.0	0.0	0.0	0.0
F	0.0	0.0	0.0	0.0	0.0	0.0	-0.279	-0.093	0.0	0.0	0.0	0.0	0.0	0.0

