/	C	A	V	R	M	D	S	S	Y	K	L	I	F
R	0.0	0.0	0.0	0.0	0.0	-1.12	3.65	-0.14	0.0	0.0	0.0	0.0	0.0
Y	0.0	0.0	0.0	0.0	0.0	1.26	-0.842	0.0	0.0	0.0	0.0	0.0	0.0
P	0.0	0.0	0.0	0.0	0.0	-1.68	-0.281	-0.14	-1.97	0.0	0.0	0.0	0.0
L	0.0	0.0	0.0	-2.95	-3.93	-7.72	-2.81	-6.46	-20.9	-0.14	0.0	0.0	0.0
T	0.0	0.0	0.0	0.0	0.0	0.0	0.0	0.0	-8.56	0.0	0.0	0.0	0.0
F	0.0	0.0	0.0	-4.91	-0.14	-0.14	0.0	-0.562	-10.1	-0.281	-0.14	0.0	0.0
G	0.0	0.0	0.0	0.0	0.0	0.0	0.0	0.0	0.0	0.0	0.0	0.0	0.0
W	0.0	0.0	0.0	0.0	0.0	0.0	0.0	0.0	-0.281	0.0	0.0	0.0	0.0
C	0.0	0.0	0.0	0.0	0.0	0.0	0.0	0.0	0.0	0.0	0.0	0.0	0.0
F	0.0	0.0	0.0	0.0	0.0	0.0	0.0	0.0	0.0	0.0	0.0	0.0	0.0

