/	C	A	S	S	S	W	D	T	G	E	L	F	F
R	0.0	0.0	0.0	0.0	0.0	0.0	0.0	0.0	0.0	0.0	0.0	0.0	0.0
Y	0.0	0.0	0.0	0.0	0.0	0.0	0.0	0.0	0.0	0.0	0.0	0.0	0.0
P	0.0	0.0	0.0	0.0	0.0	0.0	0.0	0.0	0.0	0.0	0.0	0.0	0.0
L	0.0	0.0	0.0	0.0	0.0	0.0	0.0	0.0	0.0	0.0	0.0	0.0	0.0
T	0.0	0.0	0.0	0.0	0.0	0.14	-0.281	0.0	0.0	0.0	0.0	0.0	0.0
F	0.0	0.0	0.0	-1.4	-5.9	-19.0	-10.1	-5.19	-6.46	-0.562	-0.421	0.0	0.0
G	0.0	0.0	0.0	0.0	-0.281	-13.9	-5.47	-0.421	0.0	0.0	0.0	0.0	0.0
W	0.0	0.0	0.0	0.0	0.0	-5.05	-0.562	0.0	0.0	0.0	0.0	0.0	0.0
C	0.0	0.0	0.0	0.0	-0.14	-13.1	-0.562	0.0	0.0	0.0	0.0	0.0	0.0
F	0.0	0.0	0.0	0.0	0.0	-0.702	0.0	0.0	0.0	0.0	0.0	0.0	0.0

