/	C	A	V	R	M	D	S	S	Y	K	L	I	F
R	0.0	0.0	0.0	0.0	0.0	-2.55	-0.566	0.0	0.0	0.0	0.0	0.0	0.0
Y	0.0	0.0	0.0	0.0	0.0	1.13	-0.566	0.0	0.0	0.0	0.0	0.0	0.0
P	0.0	0.0	0.0	0.0	0.0	-1.56	-0.283	-0.142	-2.12	0.0	0.0	0.0	0.0
L	0.0	0.0	0.0	-3.11	-3.68	-8.49	-2.69	-7.22	-21.8	-0.142	0.0	0.0	0.0
T	0.0	0.0	0.0	0.0	0.0	0.0	0.0	0.0	-11.0	0.0	0.0	0.0	0.0
L	0.0	0.0	0.0	-4.67	0.0	0.0	0.0	-0.142	-5.94	0.0	0.0	0.0	0.0
G	0.0	0.0	0.0	0.0	0.0	0.0	0.0	0.0	0.0	0.0	0.0	0.0	0.0
W	0.0	0.0	0.0	0.0	0.0	0.0	0.0	0.0	-0.283	0.0	0.0	0.0	0.0
C	0.0	0.0	0.0	0.0	0.0	0.0	0.0	0.0	0.0	0.0	0.0	0.0	0.0
F	0.0	0.0	0.0	0.0	0.0	0.0	0.0	0.0	0.0	0.0	0.0	0.0	0.0

