/	C	A	S	S	S	W	D	T	G	E	L	F	F
R	0.0	0.0	0.0	0.0	0.0	0.0	0.0	0.0	0.0	0.0	0.0	0.0	0.0
Y	0.0	0.0	0.0	0.0	0.0	0.0	0.0	0.0	0.0	0.0	0.0	0.0	0.0
P	0.0	0.0	0.0	0.0	0.0	0.0	0.0	0.0	0.0	0.0	0.0	0.0	0.0
L	0.0	0.0	0.0	0.0	0.0	0.0	0.0	0.0	0.0	0.0	0.0	0.0	0.0
T	0.0	0.0	0.0	0.0	0.0	0.0	-0.283	0.0	0.0	0.0	0.0	0.0	0.0
L	0.0	0.0	0.0	-0.708	-3.68	-15.1	-11.7	-6.65	-4.95	-0.425	-0.142	0.0	0.0
G	0.0	0.0	0.0	0.0	-0.283	-20.8	-4.95	-0.566	0.0	0.0	0.0	0.0	0.0
W	0.0	0.0	0.0	0.0	0.0	-4.25	-0.566	0.0	0.0	0.0	0.0	0.0	0.0
C	0.0	0.0	0.0	0.0	0.0	-10.2	-0.566	0.0	0.0	0.0	0.0	0.0	0.0
F	0.0	0.0	0.0	0.0	0.0	-0.708	0.0	0.0	0.0	0.0	0.0	0.0	0.0

