/	W	G	T	Y	N	Q	G	G	K	L	I	F
R	0.0	0.0	0.0	-0.113	-3.05	-0.679	-1.13	-0.113	0.0	0.0	0.0	0.0
F	0.0	0.0	0.0	0.0	0.0	0.0	-0.339	0.0	0.0	0.0	0.0	0.0
P	0.0	0.0	0.0	0.0	0.0	0.0	-0.113	-0.113	0.0	0.0	0.0	0.0
L	0.0	0.0	-0.113	-7.58	-1.13	-0.339	-1.92	62.2	-1.02	-0.113	0.0	0.0
T	0.0	0.0	0.0	0.0	0.0	0.0	0.0	0.0	0.0	0.0	0.0	0.0
F	0.0	0.0	0.0	-6.45	0.0	0.0	-0.113	-1.02	-0.226	-0.113	0.0	0.0
G	0.0	0.0	0.0	0.0	0.0	0.0	0.0	0.0	0.0	0.0	0.0	0.0
W	0.0	0.0	0.0	0.0	0.0	0.0	0.0	0.0	0.0	0.0	0.0	0.0
C	0.0	0.0	0.0	0.0	0.0	0.0	0.0	0.0	0.0	0.0	0.0	0.0
F	0.0	0.0	0.0	0.0	0.0	0.0	0.0	0.0	0.0	0.0	0.0	0.0

