/	C	A	S	S	G	A	S	H	E	Q	Y	F
R	0.0	0.0	0.0	0.0	0.0	0.0	0.0	0.0	0.0	0.0	0.0	0.0
F	0.0	0.0	0.0	0.0	0.0	0.0	0.0	0.0	0.0	0.0	0.0	0.0
P	0.0	0.0	0.0	0.0	0.0	0.0	0.0	0.0	0.0	0.0	0.0	0.0
L	0.0	0.0	0.0	0.0	0.0	0.0	0.0	18.7	0.0	0.0	0.0	0.0
T	0.0	0.0	0.0	0.0	0.0	0.0	0.0	-4.02	0.0	0.0	0.0	0.0
F	0.0	0.0	0.0	-7.38	0.0	-0.671	2.68	-11.4	-0.671	0.0	0.0	0.0
G	0.0	0.0	0.0	-2.01	10.7	-6.04	-2.01	-1.34	0.0	0.0	0.0	0.0
W	0.0	0.0	0.0	0.0	-5.37	-1.34	-11.4	-11.4	0.0	0.0	0.0	0.0
C	0.0	0.0	0.0	0.0	-0.671	-0.671	0.0	0.0	0.0	0.0	0.0	0.0
F	0.0	0.0	0.0	0.0	0.0	0.0	0.0	0.0	0.0	0.0	0.0	0.0

