/	C	A	S	S	G	A	S	H	E	Q	Y	F
R	0.0	0.0	0.0	0.0	0.0	0.0	0.0	0.0	0.0	0.0	0.0	0.0
F	0.0	0.0	0.0	0.0	0.0	0.0	0.0	0.0	0.0	0.0	0.0	0.0
P	0.0	0.0	0.0	0.0	0.0	0.0	0.0	-0.103	0.0	0.0	0.0	0.0
L	0.0	0.0	0.0	0.0	0.0	0.0	0.0	-5.86	0.0	0.0	0.0	0.0
T	0.0	0.0	0.0	0.0	-0.103	-0.411	0.0	-0.514	0.0	0.0	0.0	0.0
F	0.0	0.0	-0.103	-5.45	-4.63	-4.11	-0.514	-40.3	-0.617	-0.411	0.0	0.0
G	0.0	0.0	0.0	-0.617	-2.37	-2.16	-0.309	-2.37	0.0	0.0	0.0	0.0
W	0.0	0.0	0.0	-0.103	-1.65	-29.2	-2.06	-13.6	0.0	0.0	0.0	0.0
C	0.0	0.0	0.0	0.0	-0.103	-0.514	0.0	0.0	0.0	0.0	0.0	0.0
F	0.0	0.0	0.0	0.0	0.0	0.0	0.0	0.0	0.0	0.0	0.0	0.0

