/	W	G	T	Y	N	Q	G	G	K	L	I	F
R	0.0	0.0	0.0	0.0	-0.206	-15.3	-0.617	0.0	0.0	0.0	0.0	0.0
F	0.0	0.0	0.0	0.0	0.0	0.411	-0.103	0.0	0.0	0.0	0.0	0.0
P	0.0	0.0	0.0	0.0	0.0	-0.309	-0.103	0.0	0.0	0.0	0.0	0.0
L	0.0	0.0	-0.103	-5.35	-3.29	-1.85	-2.37	-2.88	-0.617	-0.103	0.0	0.0
T	0.0	0.0	0.0	0.0	0.0	0.0	0.0	0.0	0.0	0.0	0.0	0.0
F	0.0	0.0	0.0	-7.82	-0.103	0.0	-0.103	-0.926	-0.206	-0.103	0.0	0.0
G	0.0	0.0	0.0	0.0	0.0	0.0	0.0	0.0	0.0	0.0	0.0	0.0
W	0.0	0.0	0.0	0.0	0.0	0.0	0.0	0.0	0.0	0.0	0.0	0.0
C	0.0	0.0	0.0	0.0	0.0	0.0	0.0	0.0	0.0	0.0	0.0	0.0
F	0.0	0.0	0.0	0.0	0.0	0.0	0.0	0.0	0.0	0.0	0.0	0.0

