/	C	A	S	R	P	G	L	M	S	A	Q	P	E	Q	Y	F
L	0.0	0.0	0.0	0.0	0.0	0.0	0.0	0.0	0.0	0.0	0.0	0.0	0.0	0.0	0.0	0.0
L	0.0	0.0	0.0	0.0	0.0	0.0	0.0	0.0	0.0	0.0	0.0	0.0	0.0	0.0	0.0	0.0
F	0.0	0.0	0.0	0.0	0.0	0.0	0.0	0.0	0.0	-0.801	0.0	0.0	0.0	0.0	0.0	0.0
G	0.0	0.0	0.0	-0.401	0.0	0.0	-0.134	0.0	0.0	-0.267	0.0	-0.134	0.0	0.0	0.0	0.0
Y	0.0	0.0	0.0	-16.0	-0.267	-1.87	-0.801	-0.134	-3.07	-11.0	-3.21	-8.68	-0.401	0.0	0.0	0.0
P	0.0	0.0	0.0	0.0	0.0	0.134	-7.88	-0.134	-0.534	-1.07	0.0	0.0	0.0	0.0	0.0	0.0
V	0.0	0.0	0.0	0.0	-0.134	-0.668	-11.1	-4.81	-7.61	-5.21	-0.267	0.0	0.0	0.0	0.0	0.0
Y	0.0	0.0	0.0	0.0	-0.401	-0.401	-23.2	-7.48	-0.801	0.0	0.0	0.0	0.0	0.0	0.0	0.0
V	0.0	0.0	0.0	0.0	0.0	0.0	0.0	-0.134	0.0	0.0	0.0	0.0	0.0	0.0	0.0	0.0

