/	C	A	V	T	T	D	S	W	G	K	L	Q	F
L	0.0	0.0	0.0	0.0	-0.401	0.0	0.0	0.0	0.0	0.0	0.0	0.0	0.0
L	0.0	0.0	0.0	0.0	0.134	-0.267	0.0	0.0	0.0	0.0	0.0	0.0	0.0
F	0.0	0.0	0.0	0.0	-0.401	-0.668	-0.267	0.0	0.0	0.0	0.0	0.0	0.0
G	0.0	0.0	0.0	-0.134	-3.34	-14.0	-13.5	-1.07	-0.267	0.0	0.0	0.0	0.0
Y	0.0	0.0	0.0	-4.41	-3.07	-11.9	-12.4	-0.534	-0.267	0.0	-0.134	0.0	0.0
P	0.0	0.0	0.0	0.0	0.0	-0.534	-6.81	-0.401	0.0	0.0	0.0	0.0	0.0
V	0.0	0.0	0.0	0.0	0.0	0.0	-0.401	0.0	0.0	0.0	0.0	0.0	0.0
Y	0.0	0.0	0.0	0.0	0.0	0.0	0.0	-0.267	0.0	0.0	0.0	0.0	0.0
V	0.0	0.0	0.0	0.0	0.0	0.0	0.0	0.0	0.0	0.0	0.0	0.0	0.0

