/	C	A	S	R	E	G	L	G	G	T	E	A	F	F
K	0.0	0.0	0.0	0.0	0.0	0.0	0.0	0.0	0.0	0.0	0.0	0.0	0.0	0.0
R	0.0	0.0	0.0	0.0	0.0	0.0	0.0	0.0	0.0	0.0	0.0	0.0	0.0	0.0
W	0.0	0.0	0.0	0.0	0.0	0.0	0.0	0.0	0.0	0.0	0.0	0.0	0.0	0.0
I	0.0	0.0	0.0	0.0	0.0	0.0	0.0	-0.166	0.0	0.0	0.0	0.0	0.0	0.0
I	0.0	0.0	0.0	0.0	0.0	0.0	0.0	-0.498	-0.166	-0.166	0.0	0.0	0.0	0.0
L	0.0	0.0	0.0	-0.166	-0.996	-0.166	-0.498	-17.6	-4.15	-7.47	-0.166	0.0	0.0	0.0
G	0.0	0.0	0.0	0.0	-9.96	-0.166	0.0	-8.13	-3.15	-5.15	-0.332	0.0	0.0	0.0
L	0.0	0.0	0.0	0.0	-0.166	0.0	0.0	-1.33	-0.498	-0.332	0.0	0.0	0.0	0.0
N	0.0	0.0	0.0	-0.498	-12.8	-4.81	-0.332	-3.32	-1.83	-0.166	-0.498	0.0	0.0	0.0
K	0.0	0.0	0.0	0.0	-0.498	0.0	0.0	0.0	0.0	0.0	0.0	0.0	0.0	0.0

