/	C	A	S	R	E	G	L	G	G	T	E	A	F	F
K	0.0	0.0	0.0	0.0	0.0	0.0	0.0	0.0	0.0	0.0	0.0	0.0	0.0	0.0
R	0.0	0.0	0.0	0.0	0.0	0.0	0.0	0.0	0.0	0.0	0.0	0.0	0.0	0.0
W	0.0	0.0	0.0	0.0	0.0	0.0	0.0	0.0	0.0	0.0	0.0	0.0	0.0	0.0
I	0.0	0.0	0.0	0.0	0.0	0.0	0.0	-0.168	0.0	0.0	0.0	0.0	0.0	0.0
I	0.0	0.0	0.0	0.0	0.0	0.0	0.0	-0.335	0.0	-0.168	0.0	0.0	0.0	0.0
M	0.0	0.0	0.0	-0.168	-0.838	-0.168	-0.67	-18.6	-6.37	-8.54	-0.168	0.0	0.0	0.0
G	0.0	0.0	0.0	0.0	-8.54	-0.168	0.0	-13.6	-2.68	-5.36	-0.168	0.0	0.0	0.0
L	0.0	0.0	0.0	0.0	-0.168	0.0	0.0	-1.01	-0.335	-0.335	0.0	0.0	0.0	0.0
N	0.0	0.0	0.0	-0.335	-12.4	-4.19	-0.168	-2.01	-1.68	-0.168	-0.168	0.0	0.0	0.0
K	0.0	0.0	0.0	0.0	-0.335	0.0	0.0	0.0	0.0	0.0	0.0	0.0	0.0	0.0

