/	C	A	M	R	D	L	R	D	N	F	N	K	F	Y	F
K	0.0	0.0	0.0	0.0	0.0	0.0	0.0	0.0	0.0	0.0	0.0	0.0	0.0	0.0	0.0
R	0.0	0.0	0.0	0.0	0.0	0.0	0.0	0.0	0.0	0.0	0.0	0.0	0.0	0.0	0.0
W	0.0	0.0	0.0	0.0	0.0	0.0	0.0	0.0	0.0	0.0	0.0	0.0	0.0	0.0	0.0
I	0.0	0.0	0.0	0.0	0.0	-6.2	0.0	0.0	-0.335	-3.86	0.0	0.0	0.0	0.0	0.0
I	0.0	0.0	0.0	0.0	0.0	-0.168	0.0	0.0	0.0	-1.51	0.0	0.0	0.0	0.0	0.0
M	0.0	0.0	-0.335	-4.36	-1.01	-0.335	0.0	0.0	-0.335	-16.3	-0.168	0.0	-0.168	0.0	0.0
G	0.0	0.0	0.0	0.335	0.0	0.0	0.0	0.0	0.0	-0.168	0.0	0.0	0.0	0.0	0.0
L	0.0	0.0	0.0	0.0	0.0	0.0	0.0	0.0	0.0	0.0	0.0	0.0	0.0	0.0	0.0
N	0.0	0.0	0.0	0.0	0.0	0.0	0.0	0.0	0.0	0.0	0.0	0.0	0.0	0.0	0.0
K	0.0	0.0	0.0	0.0	0.0	0.0	0.0	0.0	0.0	0.0	0.0	0.0	0.0	0.0	0.0

