/	C	A	V	N	D	G	G	R	L	T	F
E	0.0	0.0	0.0	0.0	-0.136	-0.136	0.0	0.0	0.0	0.0	0.0
L	0.0	0.0	0.0	0.0	0.0	-0.136	0.0	0.0	0.0	0.0	0.0
A	0.0	0.0	0.0	0.0	0.0	-0.136	0.0	0.0	0.0	0.0	0.0
A	0.0	0.0	0.0	-3.25	-0.407	-3.12	-0.542	-0.136	0.0	0.0	0.0
I	0.0	0.0	0.0	-0.678	0.0	-0.136	0.0	0.0	0.0	0.0	0.0
G	0.0	0.0	0.0	0.0	0.0	0.0	0.0	0.0	0.0	0.0	0.0
I	0.0	0.0	0.0	0.0	0.0	0.0	0.0	0.0	0.0	0.0	0.0
L	0.0	0.0	0.0	0.0	0.0	0.0	0.0	0.0	0.0	0.0	0.0
T	0.0	0.0	0.0	0.0	0.0	0.0	0.0	0.0	0.0	0.0	0.0
V	0.0	0.0	0.0	0.0	0.0	0.0	0.0	0.0	0.0	0.0	0.0

