/	C	A	W	S	E	T	G	L	G	M	G	G	W	Q	F
E	0.0	0.0	0.0	0.0	0.0	0.0	0.0	0.0	0.0	0.0	0.0	0.0	0.0	0.0	0.0
L	0.0	0.0	0.0	0.0	0.0	0.0	0.0	-0.271	0.0	0.0	0.0	0.0	0.0	0.0	0.0
A	0.0	0.0	0.0	0.0	0.0	0.0	0.0	-3.39	0.0	0.0	0.0	0.0	0.0	0.0	0.0
A	0.0	0.0	0.0	0.0	0.0	0.0	-0.136	-10.3	-0.271	-1.22	0.0	0.0	-0.271	0.0	0.0
I	0.0	0.0	0.0	0.0	0.0	0.0	-0.136	-14.5	-3.39	-3.39	0.0	0.0	-0.136	0.0	0.0
G	0.0	0.0	0.0	0.0	0.0	0.0	-0.136	-4.34	0.0	-0.136	0.0	0.0	0.0	0.0	0.0
I	0.0	0.0	0.0	0.0	0.0	0.407	-12.6	-37.7	-1.36	-0.136	0.0	0.0	0.0	0.0	0.0
L	0.0	0.0	0.0	0.0	-3.25	-5.83	-2.85	-4.2	-2.58	-0.542	-0.271	0.0	0.0	0.0	0.0
T	0.0	0.0	0.0	0.0	-0.542	36.3	-1.9	-0.136	0.0	0.0	0.0	0.0	0.0	0.0	0.0
V	0.0	0.0	0.0	0.0	0.0	-0.136	0.0	0.0	0.0	0.0	0.0	0.0	0.0	0.0	0.0

