/	C	A	W	S	E	T	G	L	G	M	G	G	W	Q	F
E	0.0	0.0	0.0	0.0	0.0	0.0	0.0	0.0	0.0	0.0	0.0	0.0	0.0	0.0	0.0
L	0.0	0.0	0.0	0.0	0.0	0.0	0.0	-0.669	0.0	0.0	0.0	0.0	0.0	0.0	0.0
A	0.0	0.0	0.0	0.0	0.0	0.0	0.0	-2.14	0.0	0.0	0.0	0.0	0.0	0.0	0.0
G	0.0	0.0	0.0	0.0	0.0	0.0	-0.134	-9.37	-0.268	-0.134	0.0	0.0	-0.268	0.0	0.0
I	0.0	0.0	0.0	0.0	0.0	0.0	-0.134	-15.7	-3.48	-4.01	0.0	0.0	0.0	0.0	0.0
G	0.0	0.0	0.0	0.0	0.0	0.0	-0.134	-6.29	0.0	-0.268	0.0	0.0	0.0	0.0	0.0
A	0.0	0.0	0.0	0.0	-0.134	0.803	-12.3	-23.3	-1.07	-0.134	0.0	0.0	0.0	0.0	0.0
L	0.0	0.0	0.0	0.0	-7.36	-8.57	-2.81	-5.22	-2.41	-0.535	-0.268	0.0	0.0	0.0	0.0
T	0.0	0.0	0.0	0.0	-0.535	-6.42	-1.34	-0.134	0.0	0.0	0.0	0.0	0.0	0.0	0.0
V	0.0	0.0	0.0	0.0	0.0	-0.134	0.0	0.0	0.0	0.0	0.0	0.0	0.0	0.0	0.0

