/	C	A	V	N	D	G	G	R	L	T	F
E	0.0	0.0	0.0	0.0	-0.141	-0.141	0.0	0.0	0.0	0.0	0.0
L	0.0	0.0	0.0	0.0	0.0	-0.141	0.0	0.0	0.0	0.0	0.0
A	0.0	0.0	0.0	0.0	0.0	-0.141	-0.141	0.0	0.0	0.0	0.0
G	0.0	0.0	0.0	-1.56	-0.141	-0.565	-0.707	0.0	0.0	0.0	0.0
I	0.0	0.0	0.0	-0.565	0.0	0.0	-0.141	0.0	0.0	0.0	0.0
G	0.0	0.0	0.0	0.0	0.0	0.0	0.0	0.0	0.0	0.0	0.0
A	0.0	0.0	0.0	0.0	0.0	0.0	0.0	0.0	0.0	0.0	0.0
L	0.0	0.0	0.0	0.0	0.0	0.0	0.0	0.0	0.0	0.0	0.0
T	0.0	0.0	0.0	0.0	0.0	0.0	0.0	0.0	0.0	0.0	0.0
V	0.0	0.0	0.0	0.0	0.0	0.0	0.0	0.0	0.0	0.0	0.0

