/	C	A	W	S	E	T	G	L	G	M	G	G	W	Q	F
E	0.0	0.0	0.0	0.0	0.0	0.0	0.0	0.0	0.0	0.0	0.0	0.0	0.0	0.0	0.0
L	0.0	0.0	0.0	0.0	0.0	0.0	0.0	-0.57	0.0	0.0	0.0	0.0	0.0	0.0	0.0
A	0.0	0.0	0.0	0.0	0.0	0.0	0.0	-4.7	0.0	0.0	0.0	0.0	0.0	0.0	0.0
G	0.0	0.0	0.0	0.0	0.0	0.0	-0.143	-9.26	-0.143	-1.14	0.0	0.0	-0.285	0.0	0.0
I	0.0	0.0	0.0	0.0	0.0	0.0	-0.143	-15.4	-3.28	-4.28	0.0	0.0	-0.143	0.0	0.0
G	0.0	0.0	0.0	0.0	0.0	0.0	-0.143	-3.99	0.143	-0.143	0.0	0.0	0.0	0.0	0.0
I	0.0	0.0	0.0	0.0	-0.143	0.57	-13.7	-38.5	-1.43	-0.143	0.0	0.0	0.0	0.0	0.0
L	0.0	0.0	0.0	0.0	-6.56	-6.84	-3.14	-5.27	-2.71	-0.57	-0.285	0.0	0.0	0.0	0.0
T	0.0	0.0	0.0	0.0	-0.855	3.56	-0.855	-0.143	0.0	0.0	0.0	0.0	0.0	0.0	0.0
V	0.0	0.0	0.0	0.0	0.0	-0.143	0.0	0.0	0.0	0.0	0.0	0.0	0.0	0.0	0.0

