/	C	A	V	N	D	G	G	R	L	T	F
E	0.0	0.0	0.0	0.0	-0.137	-0.137	0.0	0.0	0.0	0.0	0.0
L	0.0	0.0	0.0	0.0	0.0	-0.137	0.0	0.0	0.0	0.0	0.0
A	0.0	0.0	0.0	0.0	0.0	-0.137	-0.137	0.0	0.0	0.0	0.0
G	0.0	0.0	0.0	-0.824	-0.137	-0.549	-0.824	0.0	0.0	0.0	0.0
I	0.0	0.0	0.0	-0.687	0.0	0.0	-0.137	0.0	0.0	0.0	0.0
G	0.0	0.0	0.0	0.0	0.0	0.0	0.0	0.0	0.0	0.0	0.0
I	0.0	0.0	0.0	0.0	0.0	0.0	0.0	0.0	0.0	0.0	0.0
L	0.0	0.0	0.0	0.0	0.0	0.0	0.0	0.0	0.0	0.0	0.0
T	0.0	0.0	0.0	0.0	0.0	0.0	0.0	0.0	0.0	0.0	0.0
V	0.0	0.0	0.0	0.0	0.0	0.0	0.0	0.0	0.0	0.0	0.0

