/	C	A	L	S	G	F	Y	N	T	D	K	L	I	F
L	0.0	0.0	0.0	0.0	0.0	0.0	-0.366	0.0	0.0	0.0	0.0	0.0	0.0	0.0
P	0.0	0.0	0.0	0.0	0.0	0.0	-0.183	0.0	0.0	0.0	0.0	0.0	0.0	0.0
E	0.0	0.0	0.0	0.0	0.0	-0.122	-2.5	-0.061	0.0	0.0	0.0	0.0	0.0	0.0
P	0.0	0.0	0.0	0.0	0.0	-0.427	-15.4	-2.56	-0.427	-0.183	0.0	0.0	0.0	0.0
L	0.0	0.0	0.0	0.0	0.0	0.0	-21.1	-21.0	-1.22	-0.183	0.0	0.0	0.0	0.0
P	0.0	0.0	0.0	0.0	-0.122	-7.99	-4.15	-8.78	-0.244	-0.122	0.0	0.0	0.0	0.0
Q	0.0	0.0	-0.183	39.6	-0.549	-8.17	-11.4	-10.9	-0.854	-11.0	-0.671	-1.83	-0.061	0.0
G	0.0	0.0	0.0	0.0	0.0	-0.305	-0.183	-0.854	0.0	0.0	0.0	0.0	0.0	0.0
Q	0.0	0.0	0.0	0.0	0.0	0.0	0.0	-0.061	0.0	0.0	0.0	0.0	0.0	0.0
L	0.0	0.0	0.0	0.0	0.0	0.0	0.0	-0.061	0.0	0.0	0.0	0.0	0.0	0.0
T	0.0	0.0	0.0	0.0	0.0	0.0	0.0	0.0	0.0	0.0	0.0	0.0	0.0	0.0
A	0.0	0.0	0.0	0.0	0.0	0.0	0.0	0.0	0.0	0.0	0.0	0.0	0.0	0.0
Y	0.0	0.0	0.0	0.0	0.0	0.0	0.0	0.0	0.0	0.0	0.0	0.0	0.0	0.0

