/	C	A	S	P	G	E	T	E	A	F	F
L	0.0	0.0	0.0	0.0	0.0	0.0	0.0	0.0	0.0	0.0	0.0
P	0.0	0.0	0.0	0.0	0.0	0.0	0.0	0.0	0.0	0.0	0.0
E	0.0	0.0	0.0	0.0	0.0	0.0	0.0	0.0	0.0	0.0	0.0
P	0.0	0.0	0.0	0.0	0.0	0.0	0.0	0.0	0.0	0.0	0.0
L	0.0	0.0	0.0	0.0	0.0	0.0	0.0	0.0	0.0	0.0	0.0
P	0.0	0.0	0.0	-0.366	-0.305	-0.366	0.0	0.0	0.0	0.0	0.0
Q	0.0	-0.122	-0.61	-17.4	-1.77	-0.61	-0.061	-0.122	-0.183	-0.061	0.0
G	0.0	0.0	-0.61	-1.77	-1.65	-2.32	0.0	-0.061	0.0	-0.061	0.0
Q	0.0	0.0	-0.061	-0.061	-0.183	-1.34	0.0	0.0	0.0	0.0	0.0
L	0.0	0.0	0.0	0.0	0.0	0.0	0.0	0.0	0.0	0.0	0.0
T	0.0	0.0	0.0	0.0	0.0	-0.305	0.0	0.0	0.0	0.0	0.0
A	0.0	0.0	0.0	0.0	0.0	0.0	0.0	0.0	0.0	0.0	0.0
Y	0.0	0.0	0.0	0.0	0.0	0.0	0.0	0.0	0.0	0.0	0.0

