/	C	A	S	S	R	T	G	S	T	Y	E	Q	Y	F
L	0.0	0.0	0.0	0.0	0.0	0.0	0.0	0.0	0.0	1.45	0.0	0.0	0.0	0.0
P	0.0	0.0	0.0	0.0	0.0	0.0	0.0	0.0	0.0	-0.727	0.0	0.0	0.0	0.0
E	0.0	0.0	0.0	0.0	0.0	0.0	0.0	0.0	0.0	0.0	0.0	0.0	0.0	0.0
P	0.0	0.0	0.0	0.0	0.0	0.0	-13.8	-7.27	-3.63	-2.91	0.0	0.0	0.0	0.0
L	0.0	0.0	0.0	0.0	-2.91	-3.63	-14.5	-9.45	-4.36	0.0	0.0	0.0	0.0	0.0
P	0.0	0.0	0.0	0.0	-24.7	0.0	0.0	-3.63	-3.63	0.0	0.0	0.0	0.0	0.0
Q	0.0	0.0	0.0	0.0	-17.4	0.0	0.0	-1.45	0.0	0.0	-25.4	0.0	0.0	0.0
G	0.0	0.0	0.0	0.0	-24.0	0.0	0.0	-0.727	0.0	0.0	0.0	0.0	0.0	0.0
Q	0.0	0.0	0.0	0.0	-0.727	0.0	0.0	0.0	0.0	0.0	0.0	0.0	0.0	0.0
L	0.0	0.0	0.0	0.0	0.0	0.0	0.0	0.0	0.0	0.0	0.0	0.0	0.0	0.0
T	0.0	0.0	0.0	0.0	0.0	0.0	0.0	0.0	0.0	0.0	0.0	0.0	0.0	0.0
A	0.0	0.0	0.0	0.0	0.0	0.0	0.0	0.0	0.0	0.0	0.0	0.0	0.0	0.0
Y	0.0	0.0	0.0	0.0	0.0	0.0	0.0	0.0	0.0	0.0	0.0	0.0	0.0	0.0

