/	C	A	S	S	W	S	F	G	T	E	A	F	F
E	0.0	0.0	0.0	0.0	0.0	0.0	0.0	0.0	0.0	0.0	0.0	0.0	0.0
L	0.0	0.0	0.0	0.0	0.0	0.0	-0.256	0.0	0.0	0.0	0.0	0.0	0.0
A	0.0	0.0	0.0	0.0	0.0	0.0	-4.66	-0.0639	0.0	0.0	0.0	0.0	0.0
G	0.0	0.0	0.0	0.0	0.0	-0.256	-3.64	-4.34	-0.0639	0.0	0.0	0.0	0.0
I	0.0	0.0	0.0	0.0	0.0	-0.383	-6.39	-5.24	-2.56	-0.0639	0.0	0.0	0.0
G	0.0	0.0	0.0	0.0	-0.0639	0.702	-1.73	-0.192	-0.447	0.0	0.0	0.0	0.0
I	0.0	0.0	0.0	0.0	-0.192	-11.6	-11.2	-0.128	-0.256	0.0	0.0	0.0	0.0
L	0.0	0.0	0.0	-0.128	-10.1	-8.56	-0.895	0.0	-0.192	0.0	0.0	0.0	0.0
T	0.0	0.0	0.0	0.0	-1.15	-0.383	-0.128	0.0	0.0	0.0	0.0	0.0	0.0
V	0.0	0.0	0.0	0.0	-0.0639	0.0	0.0	0.0	0.0	0.0	0.0	0.0	0.0

