/	C	A	T	D	D	D	S	A	R	Q	L	T	F
T	0.0	0.0	0.0	0.0	0.0	-3.23	-0.294	0.0	0.0	0.0	0.0	0.0	0.0
A	0.0	0.0	0.0	0.0	0.0	1.03	-0.734	-0.294	0.0	0.0	0.0	0.0	0.0
F	0.0	0.0	0.0	-0.147	0.0	-1.03	-3.08	-0.734	-2.5	0.0	0.0	0.0	0.0
T	0.0	0.0	0.0	-0.587	0.0	-0.587	-7.34	8.37	-34.5	0.0	0.0	0.0	0.0
I	0.0	0.0	0.0	0.0	0.0	0.0	0.0	-0.294	-8.66	0.0	0.0	0.0	0.0
P	0.0	0.0	0.0	0.0	0.0	0.0	0.0	0.0	-4.55	0.0	0.0	0.0	0.0
S	0.0	0.0	0.0	0.0	0.0	0.0	0.0	0.0	-0.294	0.0	0.0	0.0	0.0
I	0.0	0.0	0.0	0.0	0.0	0.0	0.0	0.0	0.0	0.0	0.0	0.0	0.0

