/	C	A	S	S	F	R	F	T	D	T	Q	Y	F
A	0.0	0.0	0.0	0.0	0.0	0.0	0.0	0.0	0.0	0.0	0.0	0.0	0.0
P	0.0	0.0	0.0	0.0	0.0	0.0	0.0	0.0	0.0	0.0	0.0	0.0	0.0
Q	0.0	0.0	0.0	0.0	0.0	0.0	0.0	0.14	0.0	0.0	0.0	0.0	0.0
P	0.0	0.0	0.0	0.0	0.0	-0.14	0.0	-0.14	0.0	0.0	0.0	0.0	0.0
E	0.0	0.0	0.0	0.0	0.0	-0.7	0.0	0.0	0.0	0.0	0.0	0.0	0.0
L	0.0	0.0	0.0	0.0	0.0	2.24	-3.08	-4.48	-1.26	0.0	0.0	0.0	0.0
P	0.0	0.0	0.0	0.0	-0.14	-26.7	-0.14	0.0	0.0	0.0	0.0	0.0	0.0
Y	0.0	0.0	0.0	0.0	-4.2	-16.9	-0.56	-0.28	-58.1	0.0	0.0	0.0	0.0
P	0.0	0.0	0.0	0.0	-5.88	-3.36	-0.14	0.0	-0.14	0.0	0.0	0.0	0.0
Q	0.0	0.0	0.0	0.0	-0.14	0.0	0.0	0.0	0.0	0.0	0.0	0.0	0.0
P	0.0	0.0	0.0	0.0	-0.14	0.0	0.0	0.0	0.0	0.0	0.0	0.0	0.0
G	0.0	0.0	0.0	0.0	0.0	0.0	0.0	0.0	0.0	0.0	0.0	0.0	0.0
S	0.0	0.0	0.0	0.0	0.0	0.0	0.0	0.0	0.0	0.0	0.0	0.0	0.0

