/	C	A	S	S	V	R	S	T	D	T	Q	Y	F
A	0.0	0.0	0.0	0.0	0.0	0.0	0.0	0.0	0.0	0.0	0.0	0.0	0.0
P	0.0	0.0	0.0	0.0	0.0	0.0	0.0	0.0	0.0	0.0	0.0	0.0	0.0
Q	0.0	0.0	0.0	0.0	0.0	0.0	0.0	-0.823	0.0	0.0	0.0	0.0	0.0
P	0.0	0.0	0.0	0.0	0.0	0.0	0.0	-0.137	0.0	0.0	0.0	0.0	0.0
E	0.0	0.0	0.0	0.0	0.0	-0.137	0.0	0.0	0.0	0.0	0.0	0.0	0.0
L	0.0	0.0	0.0	0.0	0.0	-3.29	-1.23	-3.02	-0.96	0.0	0.0	0.0	0.0
P	0.0	0.0	0.0	0.0	0.0	-15.4	-0.137	0.0	0.0	0.0	0.0	0.0	0.0
Y	0.0	0.0	0.0	0.0	-3.43	-12.1	-0.686	-0.411	-64.0	0.0	0.0	0.0	0.0
P	0.0	0.0	0.0	-0.137	-3.57	-4.66	-0.137	0.0	-0.137	0.0	0.0	0.0	0.0
Q	0.0	0.0	0.0	0.0	0.0	0.0	0.0	0.0	0.0	0.0	0.0	0.0	0.0
P	0.0	0.0	0.0	0.0	0.0	0.0	0.0	0.0	0.0	0.0	0.0	0.0	0.0
G	0.0	0.0	0.0	0.0	0.0	0.0	0.0	0.0	0.0	0.0	0.0	0.0	0.0

