/	C	A	S	S	A	R	S	G	E	L	F	F
H	0.0	0.0	0.0	0.0	0.0	0.0	0.0	0.0	0.0	0.0	0.0	0.0
P	0.0	0.0	0.0	0.0	0.0	0.0	0.0	0.0	0.0	0.0	0.0	0.0
V	0.0	0.0	0.0	0.0	0.0	0.0	0.0	0.0	0.0	0.0	0.0	0.0
G	0.0	0.0	0.0	0.0	0.0	0.0	0.0	0.0	0.0	0.0	0.0	0.0
D	0.0	0.0	0.0	0.0	0.0	0.0	0.0	0.0	0.0	0.0	0.0	0.0
A	0.0	0.0	0.0	0.0	0.0	-0.293	0.0	-0.147	0.0	0.0	0.0	0.0
D	0.0	0.0	-0.44	-49.4	-0.44	-0.733	-0.147	-0.44	0.0	-0.44	0.0	0.0
Y	0.0	0.0	0.586	-38.6	-9.82	-21.7	-0.586	-0.147	-0.293	0.0	0.0	0.0
F	0.0	0.0	0.0	0.0	0.0	-1.17	-0.147	-0.147	0.0	0.0	0.0	0.0
E	0.0	0.0	0.0	0.0	0.0	-0.147	0.0	0.0	0.0	0.0	0.0	0.0
Y	0.0	0.0	0.0	0.0	0.0	0.0	0.0	0.0	0.0	0.0	0.0	0.0

