/	C	A	V	Q	D	L	G	T	S	G	S	R	L	T	F
H	0.0	0.0	0.0	0.0	-0.741	-0.741	-8.9	-0.741	0.0	0.0	0.0	0.0	0.0	0.0	0.0
P	0.0	0.0	0.0	0.0	0.0	0.0	-2.22	0.0	0.0	0.0	0.0	0.0	0.0	0.0	0.0
V	0.0	0.0	0.0	0.0	0.0	-15.6	-1.48	-1.48	0.0	0.0	0.0	0.0	0.0	0.0	0.0
G	0.0	0.0	0.0	0.0	-0.741	-17.1	-2.97	-6.67	-5.19	0.0	0.0	0.0	0.0	0.0	0.0
D	0.0	0.0	0.0	0.0	0.0	0.0	0.0	-0.741	-17.8	-16.3	0.0	0.0	0.0	0.0	0.0
A	0.0	0.0	0.0	-1.48	0.0	0.0	0.0	-0.741	-2.22	-7.41	-8.9	0.0	0.0	0.0	0.0
D	0.0	0.0	0.0	-0.741	0.0	0.0	0.0	0.0	-1.48	-19.3	-25.9	-0.741	0.0	0.0	0.0
Y	0.0	0.0	0.0	0.0	0.0	0.0	0.0	0.0	0.0	0.0	0.0	0.0	0.0	0.0	0.0
F	0.0	0.0	0.0	0.0	0.0	0.0	0.0	0.0	0.0	0.0	0.0	0.0	0.0	0.0	0.0
E	0.0	0.0	0.0	0.0	0.0	0.0	0.0	0.0	0.0	0.0	0.0	0.0	0.0	0.0	0.0
Y	0.0	0.0	0.0	0.0	0.0	0.0	0.0	0.0	0.0	0.0	0.0	0.0	0.0	0.0	0.0

