/	C	A	V	Q	D	L	G	T	S	G	S	R	L	T	F
H	0.0	0.0	0.0	0.0	-0.286	-0.571	-8.86	-0.857	0.0	0.0	0.0	0.0	0.0	0.0	0.0
P	0.0	0.0	0.0	0.0	0.0	0.0	-2.86	-0.143	0.0	0.0	0.0	0.0	0.0	0.0	0.0
V	0.0	0.0	0.0	0.0	-0.286	-14.4	-1.57	-1.14	-0.286	0.0	0.0	0.0	0.0	0.0	0.0
G	0.0	0.0	0.0	0.0	-0.714	-15.6	-2.43	-7.71	-5.29	-0.143	0.0	0.0	0.0	0.0	0.0
E	0.0	0.0	0.0	0.0	0.0	-0.143	-0.143	-0.286	-16.3	-16.6	-0.143	0.0	0.0	0.0	0.0
A	0.0	0.0	0.0	-0.429	-0.143	-0.286	0.0	-0.286	-1.57	-5.29	-9.14	-0.143	0.0	0.0	0.0
D	0.0	0.0	0.0	-0.286	0.0	0.0	0.0	0.0	-1.29	-22.3	-37.9	-0.571	0.0	0.0	0.0
Y	0.0	0.0	0.0	0.0	0.0	0.0	0.0	0.0	0.0	-0.143	-0.143	0.0	0.0	0.0	0.0
F	0.0	0.0	0.0	0.0	0.0	-0.143	0.0	0.0	0.0	-0.286	-0.286	0.0	0.0	0.0	0.0
E	0.0	0.0	0.0	0.0	0.0	0.0	0.0	0.0	0.0	0.0	0.0	0.0	0.0	0.0	0.0
Y	0.0	0.0	0.0	0.0	0.0	0.0	0.0	0.0	0.0	0.0	0.0	0.0	0.0	0.0	0.0

