/	C	A	S	S	A	R	S	G	E	L	F	F
H	0.0	0.0	0.0	0.0	0.0	0.0	0.0	0.0	0.0	0.0	0.0	0.0
P	0.0	0.0	0.0	0.0	0.0	0.0	0.0	0.0	0.0	0.0	0.0	0.0
V	0.0	0.0	0.0	0.0	0.0	0.0	0.0	0.0	0.0	0.0	0.0	0.0
G	0.0	0.0	0.0	0.0	0.0	0.0	0.0	0.0	0.0	0.0	0.0	0.0
Q	0.0	0.0	0.0	0.0	0.0	0.0	0.0	0.0	0.0	0.0	0.0	0.0
A	0.0	0.0	0.0	0.0	-0.147	-0.294	-0.147	-0.294	0.0	0.0	0.0	0.0
D	0.0	0.0	-0.44	-22.8	-0.44	-0.734	-0.147	-0.734	0.0	-0.587	0.0	0.0
Y	0.0	0.0	-0.734	10.6	-7.93	-15.7	-0.734	-0.294	-0.147	0.0	0.0	0.0
F	0.0	0.0	0.0	0.0	0.0	-1.03	-0.147	-0.147	0.0	0.0	0.0	0.0
E	0.0	0.0	0.0	0.0	0.0	-1.17	0.0	0.0	0.0	0.0	0.0	0.0
Y	0.0	0.0	0.0	0.0	0.0	0.0	0.0	0.0	0.0	0.0	0.0	0.0

