/	C	A	V	Q	D	L	G	T	S	G	S	R	L	T	F
H	0.0	0.0	0.0	0.0	-0.283	-0.99	-3.25	-0.566	0.0	0.0	0.0	0.0	0.0	0.0	0.0
P	0.0	0.0	0.0	0.0	0.0	0.141	-1.84	-0.141	0.0	0.0	0.0	0.0	0.0	0.0	0.0
V	0.0	0.0	0.0	0.0	-0.141	-14.0	-1.27	-0.849	-0.424	0.0	0.0	0.0	0.0	0.0	0.0
G	0.0	0.0	0.0	0.0	-0.707	-14.1	-2.55	-7.21	-5.23	-0.283	0.0	0.0	0.0	0.0	0.0
Q	0.0	0.0	0.0	0.0	0.0	-0.141	-0.141	-0.566	-18.0	-16.8	-0.141	-0.141	0.0	0.0	0.0
A	0.0	0.0	0.0	-0.424	-0.141	-0.283	0.0	-0.424	-2.26	-7.07	-9.33	-0.141	0.0	0.0	0.0
D	0.0	0.0	0.0	-0.141	0.0	0.0	0.0	0.0	-1.41	-23.1	-20.5	-0.707	0.0	0.0	0.0
Y	0.0	0.0	0.0	0.0	0.0	0.0	0.0	0.0	0.0	-0.141	-0.141	0.0	0.0	0.0	0.0
F	0.0	0.0	0.0	0.0	0.0	-0.141	0.0	0.0	-0.141	-0.283	-0.141	0.0	0.0	0.0	0.0
E	0.0	0.0	0.0	0.0	0.0	0.0	0.0	0.0	0.0	0.0	0.0	0.0	0.0	0.0	0.0
Y	0.0	0.0	0.0	0.0	0.0	0.0	0.0	0.0	0.0	0.0	0.0	0.0	0.0	0.0	0.0

