/	C	A	V	N	V	A	G	K	S	T	F
E	0.0	0.0	0.0	0.0626	-1.32	-2.57	-0.125	0.0	0.0	0.0	0.0
A	0.0	0.0	0.0	0.0	0.0	-0.125	-0.0627	0.0	0.0	0.0	0.0
A	0.0	0.0	0.0	-0.0627	0.0	-0.0627	-0.125	0.0	0.0	0.0	0.0
G	0.0	0.0	0.0	-7.65	-0.251	-0.188	-0.627	-0.0627	0.0	0.0	0.0
I	0.0	0.0	0.0	-2.7	-0.0627	0.0	-0.125	0.0	0.0	0.0	0.0
G	0.0	0.0	0.0	0.0	0.0	0.0	0.0	0.0	0.0	0.0	0.0
I	0.0	0.0	0.0	0.0	0.0	0.0	0.0	0.0	0.0	0.0	0.0
L	0.0	0.0	0.0	0.0	0.0	0.0	0.0	0.0	0.0	0.0	0.0
T	0.0	0.0	0.0	0.0	0.0	0.0	0.0	0.0	0.0	0.0	0.0
V	0.0	0.0	0.0	0.0	0.0	0.0	0.0	0.0	0.0	0.0	0.0

