/	C	A	W	S	E	T	G	L	G	T	G	E	L	F	F
E	0.0	0.0	0.0	0.0	0.0	0.0	0.0	0.0	0.0	0.0	0.0	0.0	0.0	0.0	0.0
A	0.0	0.0	0.0	0.0	0.0	0.0	0.0	-0.188	0.0	0.0	0.0	0.0	0.0	0.0	0.0
A	0.0	0.0	0.0	0.0	0.0	0.0	-0.0627	-3.7	-0.0627	0.0	0.0	0.0	0.0	0.0	0.0
G	0.0	0.0	0.0	0.0	0.0	0.0	-0.125	-3.83	2.07	-0.251	-0.188	0.0	0.0	0.0	0.0
I	0.0	0.0	0.0	0.0	0.0	0.0	-0.125	-10.2	-10.3	-4.96	-0.941	-0.0627	0.0	0.0	0.0
G	0.0	0.0	0.0	0.0	0.0	0.0	-0.125	-3.01	-2.07	-1.32	-0.0627	0.0	0.0	0.0	0.0
I	0.0	0.0	0.0	0.0	-0.125	0.939	-12.0	-37.6	-3.51	-0.314	0.0	0.0	0.0	0.0	0.0
L	0.0	0.0	0.0	0.0	-1.76	-5.77	-2.01	-4.14	-0.69	-0.69	-0.0627	0.0	0.0	0.0	0.0
T	0.0	0.0	0.0	0.0	-0.502	-5.65	-0.878	-0.125	-0.0627	0.0	0.0	0.0	0.0	0.0	0.0
V	0.0	0.0	0.0	0.0	0.0	-0.0627	0.0	0.0	0.0	0.0	0.0	0.0	0.0	0.0	0.0

