/	C	A	S	S	L	R	G	R	G	D	Q	P	Q	H	F
H	0.0	0.0	0.0	0.0	0.0	0.0	0.0	0.0	0.0	0.0	0.0	0.0	0.0	0.0	0.0
S	0.0	0.0	0.0	0.0	0.0	0.0	0.0	0.0	0.0	0.0	0.0	0.0	0.0	0.0	0.0
K	0.0	0.0	0.0	0.0	0.0	0.0	0.0	0.0	0.0	0.0	0.0	0.0	0.0	0.0	0.0
K	0.0	0.0	0.0	0.0	0.0	-0.432	-5.62	5.04	1.01	-0.144	0.0	0.0	0.144	0.0	0.0
K	0.0	0.0	0.0	0.0	0.0	-0.288	-0.144	-0.288	0.0	0.0	0.0	0.0	0.0	0.0	0.0
C	0.0	0.0	0.0	-0.144	-0.288	-12.5	-4.32	-5.33	-0.144	0.0	-0.576	0.0	0.0	0.0	0.0
D	0.0	0.0	0.0	0.0	-0.576	-19.3	-0.144	-66.4	0.0	0.288	-5.04	0.0	0.0	0.0	0.0
E	0.0	0.0	0.0	0.0	0.0	-89.0	0.0	-0.144	0.0	0.0	0.0	0.0	0.0	0.0	0.0
L	0.0	0.0	0.0	0.0	0.0	-0.144	0.0	0.0	0.0	0.0	0.0	0.0	0.0	0.0	0.0

