/	C	A	L	S	D	P	V	N	D	M	R	F
H	0.0	0.0	0.0	0.0	-0.144	-0.288	-9.65	-0.72	0.0	0.0	0.0	0.0
S	0.0	0.0	0.0	0.0	0.0	-0.144	-4.61	0.0	0.0	0.0	0.0	0.0
K	0.0	0.0	0.0	0.0	0.0	-1.3	-2.3	0.0	0.0	0.0	0.0	0.0
K	0.0	0.0	0.0	0.72	-9.94	-19.2	-9.07	-9.79	-31.7	0.0	0.0	0.0
K	0.0	0.0	0.0	0.0	0.0	0.0	0.0	0.0	0.0	0.0	0.0	0.0
C	0.0	0.0	0.0	0.0	0.0	-0.144	0.0	0.0	-0.144	0.0	0.0	0.0
D	0.0	0.0	0.0	0.0	0.0	0.0	0.0	0.0	0.0	0.0	0.0	0.0
E	0.0	0.0	0.0	0.0	0.0	0.0	0.0	0.0	0.0	0.0	0.0	0.0
L	0.0	0.0	0.0	0.0	0.0	0.0	0.0	0.0	0.0	0.0	0.0	0.0

