/	C	A	V	T	T	D	S	W	G	K	L	Q	F
L	17.8264	15.2831	11.3495	8.87612	6.98455	8.87178	11.4853	13.1486	12.1225	13.5778	15.8043	14.2847	18.6448
L	19.9346	16.5783	13.2713	9.67019	6.08158	6.75689	8.91484	10.7496	11.0487	13.3675	15.262	16.1775	19.7431
F	20.314	16.5714	13.7017	9.955	5.97737	5.43208	6.86982	8.65027	9.66329	12.6812	14.2583	16.6499	19.8143
G	17.7348	14.1917	11.3782	7.12679	4.33239	3.48029	2.88729	5.27999	6.76164	9.93935	10.4238	13.7009	16.1403
Y	13.1252	9.58412	7.4925	3.39361	4.44183	3.75568	3.65847	6.13287	6.79962	8.44107	6.49488	10.0741	12.0427
P	21.6061	18.0745	15.2617	10.9811	8.44808	6.4297	4.24005	7.38579	9.42442	12.9594	13.9055	17.3748	19.6119
V	23.0883	19.6985	17.9262	13.5846	12.5809	10.6842	6.93515	9.86903	12.9215	16.4541	15.304	19.8631	20.7051
Y	26.548	23.2393	21.002	16.7224	15.6537	12.5806	9.10354	6.2044	13.2289	16.3274	17.3657	21.4068	21.9912
V	30.1601	26.8772	24.7281	20.2695	18.9049	16.6745	12.6451	13.3402	18.3484	21.8659	21.7605	26.236	27.0155

