/	C	A	S	R	P	G	L	A	G	G	R	P	E	Q	Y	F
L	27.2226	24.1558	21.9387	13.9745	18.9418	17.1941	14.971	19.1895	16.8509	15.1609	16.7333	13.9644	17.1081	19.2546	22.3835	23.1258
L	25.9822	22.8314	20.101	12.5267	16.5224	13.9236	11.678	15.9798	13.6907	12.7809	14.6338	12.6868	15.8448	18.1557	21.0173	22.8213
F	24.2835	20.874	17.4388	10.9862	12.1676	9.77239	8.75029	11.0566	8.32778	6.99133	8.94531	9.3326	12.6071	15.7472	16.6606	21.6916
G	19.9076	16.5095	13.4893	6.84329	9.54619	7.1109	6.56686	9.5869	7.1283	7.42457	8.59258	7.52407	10.1083	12.313	14.9074	17.6504
Y	16.9302	13.8418	10.577	3.19614	6.70827	5.89226	5.94059	7.68813	4.60909	4.14465	4.93282	3.32289	6.14056	8.24617	11.2012	13.4303
P	21.0318	17.2545	14.0435	10.2194	7.82469	4.72482	3.72806	5.33223	5.26885	6.246	8.29514	9.90558	12.236	14.4829	15.296	19.8896
V	21.5296	17.896	14.3005	10.9149	7.72793	5.675	3.44522	4.12421	3.94879	3.96587	5.94819	9.14658	11.6791	14.3309	14.1615	19.6967
Y	19.2055	16.3084	14.2783	10.5791	7.01862	6.4794	3.28626	4.55947	6.18291	8.00974	8.66655	13.166	15.2129	16.8138	16.8043	20.6211
V	25.5916	22.4263	19.427	15.8615	12.1033	10.7191	6.73757	8.37229	9.29513	10.8612	10.8845	16.402	18.6965	20.8775	20.0866	25.3406

