/	C	A	S	S	Y	P	G	G	G	F	Y	E	Q	Y	F
L	25.6652	22.6845	22.2453	18.6302	19.4842	16.1269	17.3456	19.1536	19.1372	18.693	15.1708	17.3573	18.3431	22.6953	21.7877
L	25.0393	22.0393	20.6444	16.8993	16.697	13.3455	14.1189	16.0434	16.0974	16.4406	12.544	16.3488	17.3796	21.659	21.857
F	23.3081	19.9979	18.3023	14.632	12.264	9.03243	9.6341	10.7206	10.0134	11.5561	6.45084	12.518	15.6221	18.6714	20.7231
G	19.2954	16.0291	14.0956	10.3476	9.83783	6.56671	7.87023	9.79024	9.78084	9.63421	6.25273	10.4422	11.5404	15.3848	16.6318
Y	17.9241	14.681	12.5701	9.21591	8.67321	5.76391	6.58099	7.54687	7.13161	7.29437	3.47304	6.92376	9.60002	12.9424	14.0751
P	20.5885	16.8612	14.1939	10.8618	7.45092	4.26502	3.73701	5.42295	6.28313	8.21815	5.59417	11.413	13.5411	15.6961	19.0122
V	21.2234	17.6776	14.423	11.0619	6.84392	3.97456	3.1999	4.06431	4.09591	6.48512	3.76586	10.3778	13.6221	14.2929	19.1843
Y	18.0326	14.7858	12.872	8.9969	3.87293	5.91435	2.80045	4.44412	6.46467	8.57834	8.23056	13.4896	13.6274	14.6609	19.1505
V	25.5632	21.9545	18.9824	15.3223	8.32801	9.64268	5.94925	7.99851	9.42694	11.9577	11.0406	17.1723	19.882	19.2977	24.7486

