1bd2	
	CYS	ALA	ALA	MET	GLU	GLY	ALA	GLN	LYS	LEU	VAL	PHE	
LEU	23.1923	19.9644	16.2011	13.8171	10.5345	10.2914	13.8668	15.1427	15.1308	17.29	18.1838	21.5526	
LEU	23.5641	20.1153	16.3955	13.4297	10.3773	8.77839	11.7942	13.2512	14.1566	16.7004	18.3626	21.8254	
PHE	22.0316	18.6473	15.0302	12.0527	9.86547	7.36651	9.65492	12.0095	13.3609	15.5419	17.668	20.8842	
GLY	19.2513	15.7073	12.2948	8.95071	7.18069	3.92431	5.89721	8.38489	9.86308	12.0549	14.5437	17.7507	
TYR	19.9937	16.6071	13.6475	10.4557	9.88581	6.24738	5.7193	8.82841	11.2034	13.063	16.1142	18.9517	
PRO	23.7013	20.2838	17.3783	14.0433	13.0853	9.32681	8.66349	10.9308	13.9259	16.2524	19.4599	22.4089	
VAL	24.9598	21.7189	19.2765	16.109	15.8263	12.0498	10.2544	12.335	15.6916	17.7299	21.2361	23.863	
TYR	28.2471	24.9973	22.7156	19.4533	19.0681	15.2838	13.3257	14.7191	18.3476	20.6029	24.228	26.8588	
VAL	31.1973	28.0669	25.7012	22.5731	22.1554	18.3553	16.6638	18.3719	21.9167	24.0705	27.6393	30.2204	

