/	C	A	S	S	S	T	G	L	P	Y	G	Y	T	F	
P	31.3888	29.3353	28.8637	27.1061	25.994	22.7317	25.2284	26.6785	26.0766	26.4897	25.5061	27.2461	30.9656	32.0979	
K	28.2785	26.1002	25.4017	23.5686	22.3316	19.061	21.6142	23.1999	22.871	23.3205	22.3092	24.0585	27.7408	29.0147	
Y	28.4165	25.9175	24.6903	22.4443	20.669	17.1337	19.2398	21.1505	20.9538	21.9517	21.4188	23.5409	27.1624	28.8709	
V	26.0673	23.2721	21.847	19.3121	17.4551	13.8478	15.8116	17.519	17.182	18.2911	18.0098	20.4022	24.0078	25.9903	
K	25.1289	22.1663	20.2042	17.4121	15.0046	11.2664	12.819	15.0496	15.2675	16.8224	16.853	19.3547	22.7253	25.0262	
Q	25.0513	21.7628	19.4583	16.2162	13.4862	9.72418	10.3352	12.4081	12.3833	14.547	15.332	18.2842	21.4643	24.2	
N	22.1396	18.7658	16.1494	12.7889	9.81291	6.10981	6.60286	8.97308	9.74312	11.8415	12.6014	15.4264	18.3307	21.2157	
T	23.2868	19.9234	16.8131	13.3855	9.82981	6.82431	5.4961	8.71388	10.3435	12.973	14.1964	16.8851	19.237	22.3576	
L	22.9411	19.4177	16.1356	12.5148	9.0418	7.13881	3.9625	6.36113	8.12269	11.1664	13.1224	15.939	17.7991	21.2417	
K	22.0899	18.7411	15.1655	11.8594	8.43647	8.08481	4.50048	6.57034	9.45512	11.947	13.7226	15.9371	17.0537	20.4998	
L	25.3064	22.0236	18.406	15.2433	12.0215	11.8622	8.2143	9.65071	11.9516	14.7496	16.9633	19.2008	19.9489	23.4772	
A	26.2994	23.039	19.5351	16.5338	13.8702	14.367	10.6667	10.8764	12.6852	15.2982	17.8799	20.0133	20.2211	23.8309	
T	25.9461	23.0068	19.4856	17.029	14.7526	16.0431	12.6465	12.769	15.0922	17.0732	19.2368	20.7565	20.3366	23.7239	

