/	C	A	V	S	E	S	P	F	G	N	E	K	L	T	F
P	22.5121	19.8073	15.2751	14.0719	9.90724	14.8598	16.0482	19.268	19.9407	19.7371	15.8879	15.5215	19.0647	16.9047	21.0852
K	16.9869	14.0365	10.3796	8.60298	2.8266	9.25878	11.8447	14.5032	14.1344	13.5655	9.36551	7.43189	11.3684	9.57706	14.1259
Y	21.0569	17.5481	13.6895	10.8681	5.85392	9.97874	10.5447	14.0146	14.8894	13.7167	9.94181	12.6319	15.186	14.7866	18.979
V	19.0446	15.4688	11.8132	8.757	5.43412	7.61979	6.3261	10.142	11.7169	11.1499	9.37224	12.3409	14.2037	14.4931	18.115
K	19.7575	16.4087	13.2424	9.22567	6.11351	6.30661	5.90158	8.53909	9.60061	5.91467	3.20806	8.45698	11.6509	14.2445	16.88
Q	22.1558	18.2644	15.941	12.2534	8.11208	8.63466	5.6132	6.91407	11.4762	8.55607	7.43895	12.7447	14.963	17.943	20.548
N	20.4704	16.942	14.6337	10.4178	8.03753	6.00864	4.99353	3.61367	8.45115	4.70908	5.48975	10.6027	12.3803	16.0437	17.9501
T	23.4005	20.2734	17.708	13.4163	10.9624	9.11651	8.84206	7.2604	11.2667	6.56683	6.92393	12.8436	14.8826	18.8292	20.0978
L	23.3285	20.1515	18.5155	14.4716	12.8382	9.54865	9.20927	5.13954	10.9279	6.94641	9.57423	14.9455	15.5077	20.0206	20.6838
K	25.2751	22.0805	20.9687	16.667	15.7658	12.0837	12.8803	9.29322	13.5238	8.64376	10.8669	14.8929	16.7469	20.8967	20.2179
L	28.9327	25.8002	24.3709	20.0989	19.2374	15.5696	16.3473	12.5449	16.7918	12.0275	14.0071	18.9464	20.4903	24.9654	24.9677
A	30.983	27.9503	26.9255	22.7388	21.9728	18.1089	18.6506	14.3703	19.0786	14.4804	17.3016	21.9351	22.8991	27.6091	27.1119
T	31.2512	28.1871	27.6086	23.6635	23.9564	19.5834	20.9462	16.724	19.6259	15.6535	18.2332	22.0687	23.1546	27.7502	26.5423

