/	C	A	V	S	E	S	P	F	G	N	E	K	L	T	F
P	22.7136	19.976	15.3895	14.3382	9.75357	14.725	16.3503	19.4735	20.0615	19.9736	15.6295	15.6786	19.1964	16.7699	21.1086
K	17.2773	14.5866	10.8382	9.42499	3.23038	9.6853	12.4121	15.0636	14.8873	14.4143	9.65386	7.82686	12.0367	9.6998	14.3642
Y	21.0707	17.5981	13.614	10.9936	5.50521	9.82756	10.9481	14.2943	15.0475	13.9977	9.65451	12.3655	15.2206	14.488	18.8498
V	18.5583	14.8149	11.3992	7.94427	4.22885	6.26154	6.45041	9.90542	11.0631	10.7013	7.92772	11.0276	12.7766	13.5339	17.2292
K	20.116	16.7388	13.5124	9.45238	6.04514	6.0543	5.90344	8.62538	9.70954	5.97156	2.63634	8.9199	11.9589	14.2406	16.9582
Q	22.4684	18.5253	16.0338	12.2158	8.26323	8.4218	5.85736	6.73549	11.5614	8.89953	6.94217	13.1639	14.9602	17.7822	20.4702
N	20.5506	16.8658	14.8659	10.6857	8.40296	6.75086	4.71288	3.71491	8.65682	5.64326	5.94641	11.5437	12.8225	16.5057	18.3232
T	23.7087	20.2798	17.7024	13.3706	11.2723	9.47804	8.65444	7.65022	11.7948	7.22904	7.02921	13.3154	15.4316	18.9411	20.5281
L	23.615	20.2907	18.723	14.6417	13.4732	11.0614	9.43421	4.92104	11.2866	7.34962	9.64991	15.4252	15.8528	20.3392	20.9441
K	25.7584	22.5479	20.925	16.5751	16.0722	13.0896	12.6865	8.76197	13.6338	8.73821	11.0508	15.12	17.4882	21.3171	20.5629
L	28.9857	25.8959	24.2563	19.9386	19.4704	16.5	16.0791	11.9056	16.8483	12.0342	14.1824	19.0205	20.7022	24.9861	24.9779
A	31.1117	28.1261	26.9069	22.681	22.3849	19.3672	18.7281	13.8938	19.2122	14.6073	17.5546	22.0221	23.1615	27.6951	27.141
T	31.2587	28.2042	27.4467	23.5097	24.2305	20.7131	20.8678	16.153	19.5968	15.6645	18.5079	21.8624	23.3749	27.6878	26.3776

