/	C	A	S	S	L	G	Q	A	Y	E	Q	Y	F	
F	34.4948	32.0006	31.0411	28.7964	27.8003	24.4121	22.4542	20.9418	24.135	26.9309	28.8936	32.689	34.5323	
L	31.6688	29.0958	27.8789	25.5758	24.4186	20.9798	19.1809	17.9338	21.1751	24.2072	26.0958	29.8581	31.8028	
R	29.4521	26.6211	25.2965	22.7362	21.4619	18.225	16.6835	14.9702	17.9547	20.9922	23.1777	26.9123	29.0974	
G	25.7574	23.0187	21.8584	19.5215	18.6274	15.2486	13.2842	11.6994	14.9783	17.9193	19.8078	23.5761	25.5803	
R	24.2215	21.2149	19.5495	16.8677	15.4782	12.2097	10.9386	9.44453	12.4273	15.7721	17.8296	21.4694	23.8169	
A	20.4655	17.4328	15.807	13.2464	12.2383	8.85421	7.2231	5.81909	9.09892	12.4212	14.1821	17.8204	20.0918	
Y	20.5093	17.1237	14.9104	11.7328	9.84833	7.07338	7.19321	5.53877	7.40325	11.1135	13.3755	16.6988	19.5014	
G	21.0889	17.8468	15.0815	12.0001	9.45084	6.68006	7.80704	7.91073	9.38352	13.1585	14.8806	17.8358	20.6108	
L	23.5214	20.1846	17.0392	13.7308	10.4346	8.83046	11.0113	11.0303	11.5256	15.1537	17.1095	19.6312	22.7007	

