/	C	I	L	P	L	A	G	G	T	S	Y	G	K	L	T	F
F	21.2648	18.1804	14.5001	14.5508	10.5179	9.01131	5.59636	7.58027	7.96261	11.1288	14.0933	16.1348	17.6475	20.4082	18.6431	22.7884
L	22.1635	18.5319	15.3427	14.4581	10.5987	10.3438	6.35248	7.22303	8.86659	11.1114	13.3381	15.2016	17.5705	20.2538	19.5278	23.508
R	21.1667	17.2608	14.3204	12.8751	9.02642	10.2565	6.5844	6.26506	8.29223	9.14795	11.0084	12.9238	15.4972	18.4138	18.5068	22.2619
G	17.7879	13.8238	11.228	9.4197	5.3949	8.42846	5.29806	4.24451	6.37959	6.48449	8.06896	9.42704	12.0781	14.7749	15.5721	18.8863
R	18.9657	15.0767	12.4225	9.81722	6.49068	9.97165	7.51058	5.93266	7.90725	5.8372	6.38546	8.29674	10.8779	14.1688	15.7627	19.1443
A	15.973	12.1855	9.7747	7.11534	3.41727	7.99765	8.54332	6.81445	8.08219	4.74677	4.20884	5.48795	8.12774	11.146	13.157	16.0326
Y	13.497	9.71811	9.564	7.26666	4.4132	10.1172	11.0423	9.58074	11.1025	7.91388	6.22929	7.75654	10.0559	9.62563	13.1888	14.7526
G	20.7189	17.0494	15.3203	12.4955	9.06346	14.1119	14.4002	12.277	13.6931	10.3015	7.65479	9.8235	11.8416	14.6985	17.6928	19.5197
L	24.2233	20.5347	18.9124	16.0936	12.6234	17.5899	17.403	15.0903	16.801	13.5987	11.1432	13.3522	15.2698	18.131	21.2367	22.7633

