/	C	A	S	S	S	R	S	S	Y	E	Q	Y	F
G	28.1262	25.1851	24.5678	20.8223	21.4326	15.241	14.9964	14.3803	18.7163	22.2238	21.3593	26.9646	27.1927
I	24.9119	21.8998	21.3028	17.6394	18.3808	12.7625	11.8047	11.4392	15.8607	19.4563	18.1212	23.8035	23.9945
L	22.2187	19.2423	18.5824	14.9096	15.0247	8.50003	8.96848	9.0243	12.6369	15.9998	15.7845	21.1937	21.8033
G	18.2465	15.1939	14.8133	11.3461	13.0384	8.60184	5.86208	6.1807	10.3979	14.0245	11.7457	17.4496	17.7048
F	18.0964	14.6677	13.2968	9.46513	10.5414	3.78413	4.03268	3.81887	7.6242	11.2582	10.8176	15.7019	16.9335
V	16.7445	13.4255	11.6871	8.3615	7.13153	4.83573	3.09078	6.53615	8.17264	11.4205	11.5345	14.8654	17.4394
F	18.3129	15.0539	12.8434	9.13681	6.91969	4.1606	5.3234	7.9156	8.66291	11.5671	13.4497	15.1756	18.894
T	17.609	14.9326	12.4918	8.56307	5.56388	5.64432	7.22087	10.4174	10.7549	13.2856	14.8792	14.9067	18.6892
L	21.3517	18.6128	16.0318	12.1323	8.99333	8.552	10.6663	13.819	13.4094	16.19	18.0886	17.5053	21.9801

