/	C	A	G	A	G	S	Q	G	N	L	I	F
G	25.5549	22.5222	18.6775	15.7129	13.1813	9.51933	8.73341	12.7108	15.522	18.6169	17.0102	22.1067
I	23.053	20.0796	16.1443	13.4755	10.3814	6.60992	6.1292	9.46409	12.2913	15.5444	14.4669	19.4548
L	21.3028	17.8084	14.1661	11.23	8.50901	5.09011	5.81474	7.32874	10.1352	13.5445	13.3905	18.0762
G	18.3882	15.5644	11.699	9.71886	5.95927	3.30166	3.16169	3.53783	6.17941	9.75854	10.5576	14.7616
F	17.2823	13.9372	10.2761	7.66827	4.77473	3.67852	4.68369	3.86885	5.93035	9.12304	10.7719	14.4689
V	19.7811	16.5868	13.2077	11.047	7.90283	6.94165	6.67985	5.69015	7.98681	11.3477	13.615	16.2883
F	20.7374	17.237	14.1892	10.9042	9.66924	9.36116	10.0755	8.62565	10.6503	13.2052	15.6353	18.0899
T	23.28	20.0789	17.4579	14.7205	13.5418	13.6374	13.1317	11.377	13.102	15.5336	18.5203	19.9126
L	26.3662	23.0177	20.6479	17.5823	16.7822	16.6856	16.5494	14.8824	16.643	18.7257	21.9054	23.2908

