1qrn	
	CYS	ALA	SER	ARG	PRO	GLY	LEU	ALA	GLY	GLY	ARG	PRO	GLU	GLN	TYR	PHE	
LEU	30.4663	27.2064	25.1441	21.8266	21.295	18.8035	18.0092	21.1695	20.203	17.7984	19.4721	17.4581	20.6436	22.4642	26.2539	28.8797	
LEU	28.6154	25.2596	22.8311	19.3955	18.4086	15.7726	14.5494	17.7348	17.0601	14.9886	17.1276	15.4254	18.9108	20.6847	24.4184	27.2081	
PHE	26.877	23.3214	20.6491	17.0011	15.6835	13.5409	12.2199	14.9571	13.8012	11.4258	13.7005	12.4746	16.1285	18.2982	21.9291	25.0062	
GLY	23.1059	19.5718	16.9596	13.3792	12.4023	10.1957	9.61807	12.4991	11.382	9.33162	11.1436	9.33393	12.9241	14.748	18.4064	21.38	
TYR	22.1587	18.4877	15.4136	11.6486	9.80209	8.14575	6.9891	9.21923	7.83013	5.90142	8.46874	7.7643	11.567	13.6214	16.9614	20.2376	
ALA	24.1005	20.545	17.168	13.5627	10.9508	8.91265	6.1335	8.41603	8.21282	7.48458	10.88	10.9387	14.6284	16.3839	19.4533	22.6926	
VAL	23.2822	19.806	16.1511	12.7873	9.44885	8.16307	4.77563	5.49171	5.98557	6.80125	10.3388	11.3627	14.6389	16.1792	18.7036	21.9791	
TYR	24.6816	21.4742	17.7307	14.841	11.2781	10.0189	6.35898	6.17987	8.2222	10.0952	13.4305	14.6845	17.6504	18.7592	20.8879	23.9608	
VAL	27.9825	24.7744	20.9902	18.1287	14.4139	13.6539	10.0888	9.23131	10.6589	12.1857	15.6418	17.4858	20.4329	21.867	23.8133	27.0098	

