/	C	A	V	T	T	D	S	W	G	K	L	Q	F
L	17.5548	15.1659	12.3544	8.69868	6.74519	8.78723	11.3718	12.8616	11.9009	13.4362	15.1103	13.778	18.1261
L	19.7558	16.4269	13.4644	9.59935	5.84129	6.53252	8.78356	10.1972	10.7744	13.2133	14.6548	15.4092	19.3403
F	20.2233	16.4168	13.657	9.96056	5.87555	5.34599	6.95732	8.52287	9.5401	12.6086	13.8888	15.9358	19.53
G	17.6036	13.8836	11.2736	7.53561	4.30897	3.42021	2.85729	5.20315	6.77377	9.98619	10.1334	13.4522	15.931
Y	13.1684	9.39592	7.292	3.40828	4.22077	3.40279	3.35695	5.82297	6.58965	8.24905	6.47104	9.91105	12.0811
A	21.6132	17.8402	15.5117	11.6478	8.95806	7.27012	4.60251	7.85222	10.2103	13.7279	13.8984	17.5944	19.6106
V	22.7086	19.0556	17.5072	13.4644	12.3694	10.2452	6.75881	9.82682	12.7385	16.0998	14.9807	19.395	20.1245
Y	26.0491	22.7919	20.7359	16.536	15.4061	12.0811	8.81779	5.94242	12.9039	15.9249	17.1211	20.9783	21.6498
V	29.9116	26.3575	24.4554	20.4065	18.6881	16.4037	12.3809	13.1275	18.1028	21.5944	21.597	25.8902	26.6327

