/	C	A	S	R	P	G	L	A	G	G	R	P	E	Q	Y	F	
L	30.504	27.2816	25.8214	22.3795	21.4049	18.6956	18.3099	21.4118	22.0153	22.0589	20.2747	18.1308	20.9179	22.7442	26.514	29.0927	
L	28.5718	25.2484	23.3888	19.8496	18.4641	15.6425	14.8235	17.9269	18.7019	19.1511	17.8377	15.809	18.9042	20.8108	24.5584	27.3194	
F	26.6396	23.1132	21.0175	17.321	15.6213	13.2749	12.4327	15.0935	15.3677	15.5899	14.2242	12.5602	15.9013	18.2268	21.8609	24.9011	
G	22.8789	19.3839	17.3981	13.7644	12.4527	10.0237	9.98931	12.8403	13.4266	13.4086	11.9846	9.60562	12.6963	14.6832	18.3805	21.2954	
Y	21.9237	18.2844	15.7392	11.976	9.81504	7.86129	7.17173	9.44733	9.73824	10.0515	9.28987	7.5909	11.1577	13.5186	16.9326	20.1697	
P	23.8945	20.3711	17.4176	13.8155	10.9944	8.75725	6.31925	8.5953	9.45181	11.0905	11.4968	10.4936	14.0598	16.2398	19.4218	22.6531	
R	23.5094	20.0183	16.6674	13.2974	9.82465	8.57194	5.42106	5.9743	6.47811	9.0126	10.569	10.5526	13.9375	16.1789	18.8391	22.196	
Y	24.832	21.6056	18.0373	15.1267	11.5412	10.3524	6.63623	6.39798	7.74209	11.1846	13.5624	13.7493	16.7923	18.6276	20.9436	24.1177	
V	28.005	24.778	21.1254	18.3107	14.5724	13.9316	10.3466	9.30116	9.51598	12.8827	15.4524	16.4042	19.4945	21.6351	23.7016	27.0025	

