/	C	A	V	T	T	D	S	W	G	K	L	Q	F
L	17.7972	15.3546	11.3166	8.95606	7.01243	8.77488	11.4424	12.9657	12.1362	13.702	15.7293	14.7823	18.4209
L	19.6348	16.3275	13.0569	9.41681	5.8398	6.5213	8.60239	10.4208	10.7566	13.1613	15.1663	15.8974	19.428
F	19.9363	16.1934	13.4095	9.56598	5.73255	5.31619	6.58754	8.37977	9.53176	12.6012	14.1302	16.2648	19.4293
G	17.3098	13.7579	11.0322	6.80465	4.01783	3.36516	2.76819	5.28928	6.78713	9.87669	10.282	13.2915	16.1122
Y	12.7698	9.0629	6.99173	3.25101	4.05796	3.79717	3.41543	6.21952	7.16708	8.37349	7.18005	9.99259	12.5427
P	21.0635	17.5492	14.8359	10.5647	8.23549	6.25857	4.34496	6.9561	9.17964	12.6845	13.5546	16.8152	19.3799
R	18.6478	15.4919	14.3004	10.065	10.1022	7.53354	3.42006	7.82162	10.1223	13.0686	11.187	15.9278	16.1522
Y	25.9725	22.6402	20.6101	16.4305	15.3694	12.3124	8.76792	5.98044	13.2266	16.297	17.0965	21.0086	21.9562
V	29.6452	26.3635	24.4278	20.0817	18.8055	16.6098	12.4489	13.2556	18.5804	22.0001	21.6104	25.9419	26.8363

