/	C	A	V	T	T	D	S	W	G	K	L	Q	F
L	17.4361	14.9461	10.7776	8.51407	6.74225	8.47437	11.2794	12.7283	11.8111	13.407	15.1627	12.2069	17.7652
L	19.6861	16.2979	12.9215	9.45052	5.95558	6.4579	8.75012	10.279	10.6945	13.1729	15.1833	14.1228	19.2667
F	20.0529	16.1808	13.5724	9.83114	5.99698	5.43652	6.97692	8.61112	9.73039	12.8594	14.3443	14.9832	19.5292
G	17.5135	13.9678	11.2784	7.03404	4.28912	3.46342	2.9239	5.25106	6.85484	10.0859	10.5449	13.2199	16.1788
Y	12.8763	9.22795	7.32347	3.83163	4.37933	4.05767	3.67995	6.09229	7.12775	8.93747	6.96188	10.0033	12.2375
P	21.3817	17.859	15.164	10.8381	8.53277	6.33432	4.47247	7.32034	9.47167	13.0128	13.9516	16.8325	19.6193
V	22.9001	19.4351	17.8802	13.7738	12.6155	10.6798	7.32839	10.3872	13.1795	16.6687	15.4535	19.7922	20.7897
A	26.6685	23.3437	21.3431	16.9801	15.8275	13.1973	9.56767	10.9853	15.4358	18.8498	18.5536	22.8125	23.9226
V	30.208	26.8146	24.8593	20.5073	19.0262	16.4574	13.0831	13.896	18.9237	22.3851	22.1948	26.4345	27.5498

