/	C	A	S	R	P	G	L	A	G	G	R	P	E	Q	Y	F
L	26.9425	23.6873	21.9671	14.2829	18.5432	16.439	15.2803	19.1725	18.3939	17.5603	17.8333	14.2929	17.5472	19.0377	22.3635	22.6057
L	25.9607	22.8107	20.3285	12.9313	15.901	13.1913	11.6447	16.0369	15.4371	14.7306	15.6428	12.3798	15.9586	18.0497	20.8936	22.4918
F	24.2904	20.9141	17.5082	11.6706	11.643	9.58469	9.30696	11.1419	9.30781	8.7412	10.6615	8.4419	12.2031	15.3297	16.2432	21.1775
G	20.1644	16.8579	14.0208	7.51364	9.19081	6.52642	6.80583	9.63653	9.24631	8.82151	9.73494	6.83883	10.2239	12.3931	15.0024	17.5579
Y	17.6367	14.358	11.2834	5.2386	6.72295	5.64934	6.94662	8.28443	6.71095	5.80369	6.37098	3.14262	6.57332	8.70565	11.5005	13.6629
P	21.3548	17.7425	14.5639	10.6148	8.54002	5.00759	4.32209	5.84582	5.41625	7.13999	10.0344	9.20083	11.8072	14.3802	15.2359	20.0637
V	21.9571	18.4499	14.9726	11.5403	8.32133	6.46189	4.28136	4.45772	3.83503	5.058	8.30018	8.4869	11.397	14.389	14.2209	20.0502
A	23.5216	20.1802	17.0762	13.3416	10.4694	8.2535	4.48825	6.12224	6.41962	8.63089	12.2301	12.8739	15.2594	17.8158	17.5381	22.8478
V	26.2473	23.3546	20.351	16.5967	13.7282	11.8949	7.93253	8.47668	9.68858	11.4927	15.0975	16.0214	18.6103	21.2758	20.4421	26.0452

