/	C	S	A	R	D	L	T	S	G	A	N	N	E	Q	F	F	
E	18.501	17.6007	16.667	15.8566	18.6626	17.2627	19.8904	19.5733	17.7984	17.9889	19.4016	16.6221	18.9837	18.2122	20.9624	21.206	
N	20.875	19.3702	17.9913	16.3864	18.7329	16.9282	18.9859	18.6238	16.2214	16.195	18.1838	15.9762	18.8514	18.8496	22.0293	22.8607	
P	20.9377	18.8898	17.4632	15.2316	17.3821	15.7777	17.2453	16.355	13.7067	13.0796	15.1545	13.4427	16.727	17.333	20.8301	22.0766	
V	20.2922	17.78	15.7591	13.0504	14.6074	12.6603	13.8347	13.2135	10.3448	10.2549	12.7805	11.2131	14.4328	15.4977	19.0934	20.8739	
V	22.9902	20.1047	17.764	14.5494	15.2598	13.0316	13.1936	12.6324	9.11223	8.8906	12.1794	11.6769	15.018	16.8977	20.6005	22.8974	
H	21.783	18.5208	16.1265	12.5421	12.7781	11.0121	10.4542	9.30376	5.71954	5.15046	8.6539	8.7368	12.0181	14.471	18.1894	20.8757	
F	23.672	20.2107	17.4146	13.6973	12.8436	10.7583	9.09641	8.6284	4.93314	5.62872	9.34457	10.2193	12.7917	15.7048	19.1757	22.2891	
F	25.0493	21.3827	18.7549	14.9546	13.5837	12.2361	9.59291	8.45124	5.72809	5.49994	8.50878	10.6452	12.771	16.2249	19.495	22.8896	
K	23.5777	19.8388	17.0302	13.3827	11.2185	10.2246	6.89474	6.12452	5.00112	6.34552	8.22212	10.0845	11.0827	14.5586	17.3862	21.0163	
N	26.4526	22.7325	19.7704	16.3312	13.5982	12.4986	8.83383	9.07118	8.55433	10.0847	11.684	13.6568	14.1103	17.5083	19.9217	23.6775	
I	27.4554	23.7132	21.0257	17.8087	14.8554	14.5833	10.8246	10.5665	11.1206	12.1657	12.7428	15.0793	14.8594	18.2978	20.2401	24.0696	
V	29.5576	25.9175	23.167	20.2747	16.9613	16.7628	13.0831	13.4549	14.4297	15.8361	16.2246	18.3259	17.5839	20.7482	22.1882	26.0151	
T	33.2343	29.574	26.8901	23.9406	20.6948	20.4322	16.7193	16.9553	17.6122	18.6502	19.121	21.5696	21.0211	24.2984	25.7507	29.5714	
P	35.2792	31.6941	29.2209	26.509	23.2048	23.3543	19.7194	19.8067	20.894	21.7963	21.7986	24.286	23.3522	26.4883	27.5349	31.2831	

