/	C	A	S	S	L	A	D	R	V	N	T	E	A	F	F
V	26.8619	24.0327	25.3843	23.0832	25.386	22.1382	21.4432	18.6702	14.9011	12.8752	16.2134	19.4379	21.297	24.672	22.4157
H	27.1259	24.366	25.2478	22.2485	23.9592	20.3722	20.0398	17.5897	14.0002	12.9052	15.8081	19.5342	21.819	25.1812	23.4191
F	23.7137	21.0201	21.9509	18.9525	20.4324	16.7784	16.2595	13.8557	10.19	9.26225	12.5947	16.2431	18.7192	22.0439	20.4527
F	23.6831	20.8718	20.7791	17.3578	18.3843	14.5348	14.3786	12.3689	8.98164	8.9244	11.8952	15.5408	18.4011	21.4527	21.2489
K	21.2151	18.0144	17.0847	13.7507	14.6935	11.0994	9.84724	7.47314	3.41278	3.04573	7.33997	10.883	14.0416	17.3687	17.7817
N	20.4396	17.0577	15.9509	12.1786	12.1045	8.13891	7.65384	6.27574	4.77411	5.78339	8.00813	11.1259	14.0643	17.1816	18.4979
I	21.2096	17.6565	16.1677	12.3693	10.5369	6.93914	5.12921	5.89117	3.8476	7.1737	9.68757	12.0191	14.775	16.728	19.9978
V	18.2654	14.8918	13.867	10.2325	8.58497	5.48627	6.14075	6.88582	6.71373	8.4695	9.55776	11.4675	13.6845	16.2328	18.2372
T	19.9727	16.6341	14.7284	11.1843	7.42019	5.25127	5.4938	7.45921	7.91921	9.87571	11.4629	12.7044	14.8447	16.0777	20.2262
P	17.2354	14.4314	12.0537	8.25559	4.37757	4.22503	4.16563	7.03079	9.21506	11.0934	11.8748	11.6291	13.5163	13.6091	18.2574
R	18.2895	16.9205	15.1561	11.2753	7.9221	8.35812	7.98507	11.546	13.751	15.5602	16.1193	15.8337	17.2749	17.0835	21.5092
T	21.7706	19.5368	17.2566	13.3569	9.99152	11.1884	9.40091	13.529	15.9551	18.1773	18.8513	17.782	19.5422	18.5708	23.5019
P	19.2331	17.5063	14.8761	11.3788	8.49167	10.8734	8.62506	13.4231	16.4594	18.662	18.5902	16.7528	18.0252	16.0127	20.8191
G	21.2205	19.8868	17.1506	14.2067	11.3578	14.2403	12.3737	17.2913	20.4917	22.4659	22.0827	20.0116	21.0525	18.7877	23.2645

