/	C	A	S	P	G	L	A	G	E	Y	E	Q	Y	F
L	25.3435	21.7861	20.8098	18.2701	19.1794	17.2859	22.3928	24.3351	27.0135	28.5513	24.258	26.8085	22.7598	24.6805
P	25.4926	21.9093	20.1252	17.5184	18.0186	15.2819	20.7671	23.0408	25.4025	26.6268	22.513	25.9097	21.3416	25.1065
E	23.4	19.9226	17.5921	14.4307	13.5903	9.21249	15.1041	17.6693	19.0184	20.1723	17.4813	22.1273	16.354	22.5564
P	20.4862	16.8902	14.7604	11.9879	12.3591	10.0473	15.2038	17.5117	20.2554	21.1324	16.7074	20.2306	15.6179	20.2153
L	17.3656	13.6547	11.7526	9.28172	10.1573	9.32165	13.6079	15.7389	18.5372	19.4769	14.5395	17.5357	13.5462	17.1657
P	14.6147	11.0176	8.61005	6.2162	7.10236	5.83437	10.0789	12.3528	15.124	16.017	11.4264	14.4947	10.2784	14.6539
Q	11.3804	7.80004	5.12802	3.56403	5.2489	7.07439	9.62655	10.6889	13.2555	14.6725	9.61974	11.206	8.40779	9.68546
G	12.8661	9.26503	5.9946	3.40493	4.14685	5.63456	7.93179	9.75866	12.4658	12.8197	7.53271	10.5388	6.92855	11.8534
Q	14.2519	11.1774	7.29472	5.85071	5.72324	6.18268	8.37371	10.5495	13.1233	11.5654	6.76075	11.3888	7.60328	13.3186
L	17.037	14.1438	10.2929	9.10803	8.98734	8.37131	11.1301	13.6124	16.1375	15.3199	10.3809	14.7959	10.8613	16.8306
T	20.1208	17.1198	13.0333	11.0655	9.57515	6.41697	9.48553	12.292	14.1945	12.8531	9.6896	15.6581	10.3678	18.2423
A	22.5247	19.9348	15.8143	14.5868	13.5928	10.9845	13.4879	16.5125	18.2124	16.1392	12.5091	18.8055	14.2956	21.5169
Y	26.1876	23.5994	19.4858	18.095	16.9236	13.5346	16.0148	19.3701	20.2693	17.5959	15.0015	21.7368	17.4598	25.0144

