/	C	A	V	R	P	T	S	G	G	S	Y	I	P	T	F
S	25.6188	22.1696	18.6464	15.2809	11.9534	8.92114	6.98438	7.14112	7.96144	10.6351	10.1243	15.0195	18.0726	18.7804	22.9312
L	24.3058	20.7127	17.269	13.8572	10.3123	7.11588	6.96007	7.29655	7.55244	9.94689	7.35427	13.8207	16.8282	18.4528	22.1468
L	23.0557	19.1637	16.1288	12.8153	9.31028	6.44953	7.40375	8.04114	7.43724	9.4468	5.04121	12.8148	15.7652	17.9571	21.1154
M	16.3395	12.8704	9.33502	6.42668	3.56065	3.43421	3.27906	3.70101	3.43384	4.04095	2.7214	5.53664	8.2848	10.493	13.8473
W	13.7635	10.2179	7.37733	3.8528	2.80711	3.46185	4.7698	7.01317	7.11144	6.74056	3.89268	6.29012	7.39491	9.54505	11.6028
I	21.2144	17.4249	14.9815	10.156	9.58571	8.42622	10.4247	11.3603	9.41085	10.4567	4.3078	12.3353	14.7192	17.2046	19.118
T	21.3104	17.4641	16.0551	11.4093	12.1565	11.4896	13.5874	14.9442	13.8285	14.3925	8.90979	15.3741	16.391	18.9359	20.0288
Q	23.6398	20.3993	18.9679	11.5824	15.208	14.7437	16.7443	17.9765	15.8837	14.9864	11.078	16.2397	16.6827	20.6764	20.0276
V	27.3639	23.8086	22.5345	16.1634	18.7281	17.9784	20.0542	21.2107	19.521	19.5791	14.3793	20.667	21.5056	24.8686	24.9817

