/	C	A	S	S	Y	V	G	N	T	G	E	L	F	F
S	27.2932	23.4105	22.7556	19.1526	17.5048	13.2736	15.1178	16.7209	19.4524	18.7983	21.1583	21.5756	25.1371	26.3569
L	24.4013	21.0888	20.0067	16.358	14.3686	10.1651	12.1746	13.974	16.488	15.7313	18.1494	19.3049	22.1531	24.3311
L	22.8361	18.9517	17.5217	13.986	11.634	7.34958	8.32195	9.31703	12.4165	12.7072	15.2012	17.357	19.0147	22.5353
M	17.5976	13.8702	13.2473	9.62949	7.85458	3.76975	5.98173	8.43034	11.0158	9.86734	11.9236	11.3869	15.1638	16.097
W	14.7705	11.1627	9.15804	5.27503	3.93265	3.14438	3.53912	5.61851	5.90176	4.16548	6.39178	7.76231	10.5812	12.6435
I	18.6864	15.0667	12.2428	8.51895	5.67157	2.85087	3.20004	4.54824	7.96057	8.18192	10.4089	13.0986	12.8108	17.9532
T	20.3632	16.8794	13.6573	9.9993	6.51539	5.02877	3.78836	2.81763	5.90804	7.3267	9.93382	13.2624	12.2437	18.5998
Q	15.6488	13.3938	10.4233	7.05555	3.5408	6.29561	5.99787	5.6617	8.55415	9.70132	11.1189	13.3368	11.0275	16.0064
V	22.0631	19.6838	16.2846	12.9763	8.00383	10.2851	9.58048	7.57804	11.4301	12.9521	14.9095	17.6023	14.6596	20.961

