/	C	A	V	R	P	T	S	G	G	S	Y	I	P	T	F
S	25.5109	22.1267	18.5844	15.1891	11.9088	8.95628	6.98262	6.70651	7.50815	10.2068	10.0006	14.8855	17.9629	18.745	22.8732
L	24.3197	20.7671	17.3183	13.882	10.3455	7.20079	6.84783	6.93954	7.17975	9.63947	7.31215	13.7987	16.8219	18.4944	22.1583
L	23.1153	19.4471	16.2333	12.9055	9.37652	6.56245	7.3065	7.84086	7.17583	9.26011	4.96497	12.8192	15.8046	18.013	21.1224
M	16.3536	12.9138	9.41603	6.43981	3.59725	3.69556	3.33187	3.80659	3.30928	3.87468	2.68792	5.63187	8.35795	10.55	13.8969
W	13.838	10.3466	7.51398	3.90496	2.91031	3.55402	4.68784	7.07956	7.058	6.83676	3.97375	6.43172	7.42407	9.64848	11.5939
I	21.2243	17.4942	15.0793	10.1238	9.65853	8.56877	10.4197	11.2476	9.27736	10.4188	4.25181	12.284	14.7555	17.244	19.0068
T	21.1531	17.353	16.0115	11.1658	12.0896	11.4171	13.4466	14.914	13.7733	14.5484	9.06752	15.432	16.2575	18.8376	19.8311
Q	23.6136	20.3282	18.9492	11.5549	15.1492	14.7199	16.5977	17.9799	16.3581	15.3656	11.1936	16.3912	16.6409	20.6943	19.9754
C	27.2953	23.7764	22.5274	16.0133	18.6234	17.8558	19.8272	21.0899	19.4406	19.7308	14.3599	20.6936	21.3971	24.7965	24.8741

