/	C	A	S	S	Y	V	G	N	T	G	E	L	F	F
S	27.308	23.3997	22.7576	19.1704	17.5174	13.5342	15.4436	17.0538	19.425	18.6997	21.0333	21.4517	25.1588	26.3526
L	24.4801	21.1741	20.1116	16.4794	14.4932	10.3838	12.4296	14.2206	16.5579	15.7685	18.1686	19.2764	22.2219	24.4377
L	22.8811	19.0024	17.5955	14.0779	11.742	7.58185	8.77244	9.82049	12.7691	12.8989	15.3369	17.3122	19.2307	22.637
M	17.7813	14.0204	13.403	9.79436	7.88984	3.87644	6.07994	8.53039	10.9939	9.82118	11.8548	11.4238	15.329	16.2699
W	14.9118	11.2517	9.24272	5.37371	3.98991	3.19545	3.50872	5.67041	5.98208	4.22695	6.43868	7.80463	10.6865	12.8215
I	18.6433	15.0764	12.2481	8.53264	5.67283	2.87486	3.40202	4.72317	8.14197	8.351	10.5259	13.2369	12.7262	17.9629
T	20.2818	16.8108	13.5824	9.94994	6.44803	4.99541	3.76812	2.78765	5.86411	7.25299	9.82794	13.1907	12.0482	18.5101
Q	15.5681	13.3688	10.3871	7.0228	3.51621	6.29781	5.94005	5.6394	8.58692	9.71179	11.2032	13.4134	10.8942	15.9336
C	22.2625	19.6711	16.3388	12.9284	8.31898	10.2145	9.51977	7.93597	11.5441	13.0276	14.9981	17.7359	14.8377	21.2127

