/	C	A	S	S	Q	D	R	D	T	Q	Y	F	
V	32.3513	30.0287	28.9311	26.4855	25.8204	22.7124	21.3907	21.7223	25.5068	27.0056	30.7602	32.6258	
M	30.5713	28.1431	26.6877	24.1628	23.1925	20.2898	19.2571	20.0515	23.8079	25.2877	28.9467	30.9646	
A	28.001	25.3034	23.6374	20.8708	19.7165	16.6799	15.9194	16.5929	20.3527	22.0698	25.7098	27.9685	
P	24.68	22.143	20.8385	18.36	17.8065	14.8392	13.3314	14.1118	17.8259	19.1579	22.8484	24.8267	
R	22.703	19.9015	18.1021	15.371	14.3825	11.5376	10.5398	11.7941	15.3951	16.8458	20.389	22.6616	
T	23.5257	20.6669	18.3004	15.4783	13.7641	11.4625	11.3971	13.2712	16.5222	17.9662	21.1803	23.645	
L	22.7998	19.7729	16.8804	13.907	11.4979	9.80103	10.7866	12.9763	15.6701	17.1697	19.9657	22.6838	
I	20.5127	17.7039	14.6052	12.102	9.77644	9.36502	10.2813	13.2659	15.2605	16.0794	18.4018	20.8912	
L	23.3968	20.5858	17.2002	14.6918	11.7816	11.7853	13.5059	16.2103	17.9446	18.9854	20.9567	23.616	

