/	C	I	V	V	R	S	S	N	T	G	K	L	I	F
V	23.1237	19.7649	15.6086	13.8033	8.55002	9.2102	11.207	11.6094	15.2089	15.9291	17.3473	20.0292	18.4339	23.734
M	23.4438	19.7869	16.3684	13.5038	9.17528	7.8498	9.2303	6.48964	11.8662	13.9277	15.7974	18.8986	18.3906	23.4264
A	22.652	18.8287	16.0916	12.4925	9.14774	6.64855	7.37736	5.43312	10.2048	11.8891	14.1303	17.4784	17.944	22.5102
P	19.2063	15.484	12.5909	9.21356	5.58653	3.26712	3.30266	3.45109	6.30372	7.74209	9.95787	13.3619	14.4491	18.6955
R	15.9022	12.1019	11.1227	6.78038	6.70124	4.63941	2.80702	3.34709	5.57531	5.02857	7.43867	9.4739	12.8874	14.8409
T	22.4682	18.5622	16.537	12.348	10.1259	7.63531	5.7827	2.57606	7.68596	9.63668	12.3929	15.8517	18.3761	20.9445
L	24.7592	20.7968	19.2496	14.9033	13.1631	10.6423	8.35857	5.00199	9.88499	11.8585	14.6706	18.0855	20.9974	22.9901
I	22.5168	18.4584	18.0545	13.3157	13.0567	11.8551	7.95404	5.183	7.31332	9.03578	11.4215	14.3724	17.771	18.6573
L	27.943	24.1204	23.1633	18.5374	17.5938	15.7087	12.3637	9.17123	12.678	14.6871	17.2981	20.4105	23.7229	24.7607

