/	CYS	ALA	VAL	ARG	PRO	THR	SER	GLY	GLY	SER	TYR	ILE	PRO	THR	PHE	
SER	29.0247	25.4646	21.9202	18.5331	15.2314	12.1483	9.67854	10.0894	10.6275	14.3239	15.5923	18.5487	21.0089	22.7263	26.4419	
LEU	27.8016	24.1988	20.7743	17.1478	14.3638	11.2879	9.51384	9.95953	9.15879	12.9628	13.7761	17.1727	19.6724	21.9329	25.5059	
LEU	25.3338	21.8714	18.4261	14.8653	12.5069	9.24032	8.79467	10.2504	9.02698	12.5326	12.2627	15.9107	17.91	20.3629	23.7071	
MET	22.0173	18.4401	15.1595	11.4374	9.35618	6.75815	6.56316	7.76151	5.97226	9.05702	8.43961	12.1296	14.1816	16.8086	20.1225	
TRP	20.4672	17.1182	14.0614	10.5395	9.63897	7.56533	9.05853	10.6692	8.52169	10.5472	8.5776	12.2909	13.6405	16.606	19.45	
ILE	23.263	20.045	17.2777	13.8572	13.3356	11.2932	12.4985	13.6882	11.0039	13.1088	11.4117	15.1454	16.6314	19.8641	22.5057	
THR	23.719	20.8534	18.5029	15.4945	15.7699	14.1358	15.8866	17.1675	14.364	15.9227	13.73	17.1777	18.1755	21.5431	23.7042	
GLN	26.1279	23.3512	21.384	18.4254	18.985	17.6135	19.0874	19.8892	16.7106	18.0277	16.0949	19.3723	20.5403	24.1068	26.0709	
CYS	29.2304	26.6412	24.6498	21.8256	22.3076	20.6395	22.1878	23.1996	20.1269	21.6942	19.7948	23.1199	24.1758	27.6813	29.5698	

