/	C	A	S	S	Y	V	G	N	T	G	E	L	F	F
S	27.2796	23.488	22.78	19.1645	17.6785	13.5002	15.3776	17.0309	19.5224	18.8339	21.2249	21.7093	25.2028	26.4303
L	24.4479	21.2614	20.1038	16.4462	14.5564	10.3756	12.4124	14.2535	16.5545	15.8258	18.267	19.4978	22.5691	24.6705
L	22.6412	18.9215	17.4683	13.9409	11.6865	7.486	8.47625	9.56582	12.5578	12.9068	15.4323	17.3952	19.3819	22.8252
M	17.6008	13.9153	13.2306	9.63749	7.99923	3.94539	6.15865	8.66218	11.0799	9.95363	12.1711	11.6124	15.2997	16.3324
W	14.8194	11.2844	9.15631	5.30009	3.89531	3.20726	3.5258	5.74104	5.73542	4.06346	6.35262	7.88738	10.7395	12.9089
I	18.5264	15.0915	12.2641	8.49924	5.72782	2.77627	3.4322	4.71494	8.0197	8.21928	10.4234	13.0158	13.1738	18.0513
T	20.304	17.0019	13.7771	10.1091	6.6352	5.03151	3.78183	2.78791	5.83042	7.23893	9.79863	13.05	12.7902	18.7509
Q	15.3885	13.2165	10.3429	6.91131	3.44754	6.22574	6.13301	5.74264	8.71172	9.80785	10.8394	12.9904	11.238	15.9274
C	22.1499	19.7087	16.4572	12.9993	8.42351	10.3335	9.70767	8.56203	11.6534	13.0786	14.9341	17.5886	15.4193	21.46

