/	C	A	V	R	P	T	S	G	G	S	Y	I	P	T	F
S	25.3314	21.984	18.4795	15.1096	11.6705	9.04514	6.74634	7.23511	7.74663	10.4401	10.0548	14.9787	17.8736	18.6715	22.8347
L	24.2818	20.827	17.3885	13.9574	10.3479	7.50373	6.53757	7.59537	7.70434	10.0173	7.72979	14.0997	16.9703	18.5335	22.3153
L	22.7729	19.0314	16.0585	12.7133	9.21599	6.73651	7.19574	8.28667	7.6101	9.42617	5.07908	12.8575	15.6716	17.8713	21.2854
M	16.3871	12.991	9.45511	6.61156	3.93779	3.89338	3.10926	3.82539	3.27164	3.3945	2.50227	5.53844	8.25391	10.5137	13.9372
W	13.5447	10.025	7.24975	3.75302	3.03059	3.58351	4.79676	7.26649	7.34442	6.76919	3.78913	6.32349	7.34105	9.42586	12.0456
I	21.0699	17.3779	14.9823	10.4313	9.76121	8.80248	10.4487	11.5429	9.46942	10.3041	4.31059	12.2758	14.7242	17.1713	19.5784
T	21.1022	17.4243	16.1108	11.4963	12.4832	11.7237	13.6743	15.2734	14.0429	14.4038	9.07384	15.3581	16.8786	18.9265	20.2384
Q	23.5335	20.2751	18.8867	12.0678	15.359	14.9856	16.822	18.3099	16.5134	15.1411	11.2707	16.0999	17.0223	20.5076	20.2653
C	27.1471	23.6695	22.3964	16.4061	18.7373	18.0575	19.9323	21.3821	19.6462	19.5742	14.3058	20.4885	21.9132	24.6551	25.1744

