/	C	A	S	S	Y	V	G	N	T	G	E	L	F	F
S	27.3994	23.5076	22.6886	18.9393	17.66	13.3942	15.0513	16.5574	19.3795	18.781	21.1031	22.0801	25.0245	26.3722
L	25.0662	21.4509	20.3811	16.589	14.9923	10.6381	12.437	14.0907	16.8166	16.1447	18.5196	20.2438	22.3237	24.8058
L	23.17	19.0897	17.4841	13.7776	11.7925	7.43574	8.27802	9.21335	12.3821	12.9332	15.3372	17.9162	18.7901	22.6829
M	17.873	14.1406	13.4099	9.72912	8.17317	3.94659	6.17531	8.4855	11.0689	9.94933	12.2042	12.1562	15.5356	16.3941
W	15.1319	11.4336	9.24106	5.26108	4.23866	3.29623	3.73073	5.59508	6.0213	4.38174	6.55716	8.27093	10.5802	12.9061
I	19.0384	15.3352	12.4133	8.67331	5.90685	3.24722	3.45146	4.60248	8.03494	8.49534	10.6408	13.4403	12.7822	18.1482
T	20.5673	16.9917	13.655	10.0229	6.53897	5.47086	3.80848	2.68829	5.63345	7.37141	9.9067	13.269	12.3309	18.6316
Q	15.7265	13.3512	10.3818	7.00009	3.63289	6.17872	5.99106	5.51827	8.29305	9.64808	11.1742	13.3125	10.7775	15.9278
C	22.3747	19.714	16.3475	12.919	8.17815	10.0516	9.47464	7.90183	11.2176	12.9086	14.8293	17.6877	14.9288	21.2883

