/	C	A	V	T	T	D	S	W	G	K	L	Q	F
L	17.9365	15.2689	11.8036	8.91117	6.62525	8.64266	11.0456	12.8125	12.3948	13.8034	15.1896	14.829	18.3678
L	19.7191	16.2113	13.5425	9.53723	5.92499	6.83321	8.80531	10.4397	11.2759	13.8312	15.0992	16.0432	19.3832
F	19.4263	15.3052	13.3814	9.47783	5.71355	5.54011	6.58199	8.48239	9.88191	13.0192	14.0089	15.9034	19.1615
G	17.3173	13.5345	11.0936	7.26341	3.93844	3.40077	2.7039	5.32994	6.9632	10.0733	10.7323	12.9853	15.6645
K	16.4031	12.9816	11.6952	7.68231	5.94163	5.3756	3.78423	6.7311	8.51209	10.814	9.3515	12.8378	13.4778
P	20.8177	17.0386	14.6697	10.7569	8.00929	6.28503	3.58318	6.9586	9.328	12.7853	14.0386	16.3499	18.7594
V	21.4239	17.79	16.6327	12.5356	12.0753	9.93121	5.9893	9.92143	12.7902	15.7382	14.6817	18.2041	18.9575
Y	25.4346	21.9042	20.3301	16.1345	15.1607	12.2835	8.13127	6.40208	13.251	16.1522	17.4402	20.6417	21.3108
V	28.9264	25.3279	23.8388	19.662	18.324	16.1223	11.6389	13.3747	18.3245	21.6143	21.9591	25.1203	25.9573

