/	C	A	S	R	P	G	L	A	G	G	R	P	E	Q	Y	F
L	27.1433	23.9386	22.4774	13.8912	19.1016	16.0141	14.8426	18.803	20.4808	20.12	19.7982	16.2074	18.4106	19.3547	22.6563	23.2417
L	26.1193	22.926	20.7626	12.4136	16.5397	13.038	11.4058	15.8678	17.6752	17.4987	17.6321	14.0963	16.6866	18.1257	21.4316	22.9292
F	23.9876	20.5895	17.4025	10.5919	11.8188	9.32741	8.72615	10.372	11.4304	10.8019	11.6218	8.3652	11.906	14.6067	16.2154	20.8721
G	19.9569	16.5157	14.1052	6.49658	9.62468	6.24622	6.40766	9.58517	11.7195	11.6393	11.7016	8.57662	10.6795	12.1552	15.2412	17.6125
K	15.6503	12.1364	9.0203	5.01628	4.19885	2.88673	5.03578	5.19711	6.94474	6.31873	6.20634	3.76709	5.65507	7.61282	10.3198	13.853
P	20.7843	16.9506	14.1381	9.15807	7.76342	4.38308	3.92649	5.6175	7.37764	9.45524	10.9069	8.92745	11.2826	13.5707	15.4924	19.5723
V	20.3729	16.7517	13.3735	9.88148	6.52883	5.07262	3.35233	3.89097	4.14316	6.04284	8.20845	6.72886	9.40325	12.3234	13.1005	18.3522
Y	18.9898	16.0116	13.8635	10.0117	6.55496	6.58504	3.14089	3.96634	5.48848	8.37022	11.6717	11.1764	13.3547	15.785	16.0625	19.9316
V	24.9351	21.9087	18.9544	15.3247	11.9054	10.8106	6.63266	8.26736	8.11921	10.3395	13.9714	14.1511	16.5064	19.3033	19.2177	24.4822

