/	C	A	S	T	Y	H	G	T	G	Y	F
G	28.0854	25.6623	25.7283	22.4506	21.9218	22.5238	23.3502	25.4806	25.4155	27.2125	25.6174
E	25.1956	22.501	22.2763	18.8025	18.2158	18.2625	19.0128	21.1473	21.3958	23.3834	22.2387
L	23.148	20.4538	20.3695	17.0579	16.26	16.4914	18.0994	20.1561	20.3786	22.1099	20.7911
I	23.88	20.5913	19.7034	15.9689	14.1787	15.018	16.5813	18.9617	19.9671	21.8152	22.329
G	23.4796	20.1339	18.577	14.6333	12.0213	12.4086	14.2256	16.9179	18.4332	20.5908	21.7313
I	19.9367	16.1029	14.7345	11.2094	7.73571	8.92297	10.8649	13.7612	15.7502	17.6155	19.7714
L	21.6005	17.7644	15.4045	11.759	6.82564	6.64609	9.24755	12.2445	14.907	16.4503	20.6416
N	16.5371	12.7262	10.1154	6.62363	2.83752	3.16403	6.33564	9.32492	11.3201	11.9203	16.0298
A	19.4902	16.0285	13.4027	9.66337	2.61998	3.59024	9.86243	12.8235	15.2626	14.373	19.4219
A	21.1873	17.8178	14.8084	11.2772	4.91665	3.71538	10.4654	13.3145	16.1409	14.761	20.4868
K	15.2621	13.1193	10.6406	8.11797	4.94131	4.81686	11.406	12.6033	14.7429	12.5721	16.9348
V	22.0771	19.8856	16.6863	14.1204	8.48699	8.09849	14.6764	17.0196	19.5614	16.6001	22.3512
P	23.3956	21.3825	17.7916	15.9828	11.1566	10.2116	16.3546	18.2418	20.7288	16.8755	23.182
A	21.8115	20.6424	17.2216	16.3884	12.6517	12.2658	17.842	19.2381	21.3742	17.4504	22.812
D	24.9435	23.7387	20.4278	19.3951	15.6926	15.6449	21.341	22.5871	24.731	20.8307	26.0637

