/	C	A	S	T	Y	H	G	T	G	Y	F
G	27.8303	25.4086	25.4515	21.9434	21.4054	22.7019	23.2759	25.3985	25.3988	27.1785	25.5943
E	25.4599	22.7716	22.8056	19.2063	18.8456	19.4824	19.7946	21.8645	21.9713	24.0291	22.5531
L	21.8452	19.3319	19.3614	15.8922	15.8268	16.9892	17.4433	19.621	19.3252	21.0591	19.645
I	23.9519	20.8896	19.8224	16.1519	14.1971	15.5367	16.7477	19.2799	20.1129	22.0935	22.4154
G	23.3086	20.1773	18.5664	14.8626	12.0764	12.6912	14.4705	17.2532	18.4507	20.7133	21.5796
T	21.3327	17.9014	15.6973	12.0953	8.63999	8.97465	10.9111	13.8681	15.5699	17.9262	19.9384
L	21.4323	17.664	15.261	11.8568	6.69255	6.68698	9.60576	12.5582	15.0063	17.035	20.4096
N	16.3021	12.5175	9.90764	6.46078	2.70673	3.04313	6.32682	9.5565	11.1154	12.3156	16.0145
A	19.4178	15.7528	13.2479	9.63043	2.46844	3.78064	9.98984	13.1691	15.1506	14.9026	19.4272
A	21.1613	17.5383	14.6749	11.3016	4.69378	3.88809	10.6673	13.6934	16.0939	15.3054	20.5307
K	14.9128	12.4695	10.2177	8.21797	4.91423	4.79447	11.4539	12.6661	14.5342	13.1377	16.7152
V	22.241	19.6916	16.4992	14.1673	8.44929	8.04117	14.702	17.2044	19.3605	17.2968	22.4282
P	23.2608	20.8255	17.2199	15.9517	11.0759	10.1002	16.2457	18.1	20.3138	17.1559	22.8204
A	21.6903	20.0941	16.6869	16.1728	12.3705	12.0366	17.5361	18.6754	20.8907	17.6438	22.4001
D	24.9998	23.3246	19.959	19.3581	15.5578	15.3928	21.0115	22.0427	24.25	20.8158	25.6942

