/	C	A	A	L	I	Q	G	A	Q	K	L	V	F
G	20.6798	19.1	16.0603	13.2172	9.88407	8.72516	10.7044	11.2422	14.3435	13.5624	16.9938	15.3346	18.8628
E	16.184	15.0433	11.8692	9.68566	7.87338	6.62293	9.08978	10.4056	12.7232	12.2261	14.506	12.169	15.645
L	16.0308	13.6116	10.6064	7.52367	3.81518	3.2986	5.44709	6.03689	8.71335	8.67771	10.9086	9.80335	13.4892
I	19.5381	16.4083	13.0925	9.05817	7.15786	4.22005	4.15309	6.2892	8.13447	10.7999	13.4455	14.3293	17.8169
G	18.4625	15.1407	12.0066	7.95245	6.74058	3.39893	4.26166	7.11803	6.92419	10.7332	13.0386	14.2421	17.4353
T	18.1493	14.2272	11.5434	7.211	7.02405	4.17018	3.78217	5.86197	4.47076	9.83972	12.4056	14.4473	17.5532
L	18.565	14.5064	12.7237	8.42065	9.20818	6.64942	7.40335	9.50498	5.27567	11.9463	13.9907	16.1076	18.9168
N	17.4781	13.7047	11.615	5.9057	9.44009	8.69328	8.11195	9.22935	4.36764	9.68691	10.7219	13.3466	15.3755
A	22.57	18.6913	16.3753	10.6463	12.7833	12.1582	10.195	12.0932	7.08276	13.5488	15.3332	18.2053	20.3458
A	24.1742	20.3341	18.5459	12.8621	15.8013	14.9962	13.6145	15.2758	10.1567	16.3577	17.7125	20.433	22.0958
K	23.7303	20.5277	18.6812	13.7129	17.1072	17.7376	14.9354	15.5837	11.9962	15.6282	16.0177	19.2746	19.8944
V	28.4636	24.8743	23.4629	17.9247	21.2981	21.0471	18.9313	20.3391	15.6433	21.0216	21.7631	24.8067	25.718
P	30.1585	26.728	25.7348	20.433	24.2153	23.9874	22.1797	23.3826	18.7041	23.7796	23.5474	27.0277	27.2994
A	30.9806	27.8104	26.8044	21.739	25.5798	25.9986	23.4832	24.4193	20.2044	24.531	23.8635	27.6302	27.6053
D	34.3757	31.2374	30.116	25.0307	28.6893	29.1317	26.0881	27.2098	23.2332	27.5398	27.084	30.8436	30.8057

