/	C	A	V	Q	A	S	G	G	S	Y	I	P	T	F
E	19.978	16.6787	13.1384	9.96739	7.07558	4.58856	7.37379	7.5771	7.2815	2.78198	9.87279	13.0849	13.5052	17.8463
P	21.7716	17.9992	15.0921	11.5717	10.0314	7.5094	11.1815	10.9898	9.78677	5.08567	11.9022	14.6756	16.3448	20.2848
L	21.8104	17.9539	15.4736	10.9084	11.3192	9.70389	13.2583	13.0592	10.2316	6.62094	11.9791	14.0721	16.9975	20.1658
P	18.3748	14.5947	11.9348	7.54862	7.90639	7.14334	10.2078	10.3624	7.40116	3.59932	8.4793	10.4349	13.513	16.5234
Q	19.6189	16.1251	14.6445	9.09784	11.6241	11.7578	14.3362	13.4133	9.46494	7.26954	10.3804	10.9409	15.2794	16.652
G	21.4291	17.9916	16.2137	10.9167	13.768	14.6184	16.695	15.1256	10.693	9.66432	10.7048	12.1868	16.6381	17.8416
Q	21.668	18.4044	17.6802	11.7021	16.4528	17.7139	19.6047	17.6432	13.0499	11.946	12.0758	13.0609	17.7401	17.1361
L	20.687	17.5776	17.9578	11.8734	18.2668	19.9785	22.1959	20.8115	16.3156	13.6555	14.9941	13.5741	18.2678	17.3894
T	23.8714	20.2365	19.0809	13.2584	17.1619	17.168	20.0019	18.8325	14.5655	12.9193	14.8458	15.7853	20.079	21.0739
A	26.5463	23.0975	22.1363	16.3441	20.5218	20.8747	23.4806	22.245	17.8373	16.3996	17.6165	18.2969	22.8061	23.4951
Y	30.0416	26.5257	25.5235	19.6996	22.8033	21.5607	25.0788	24.1855	20.3812	18.3334	20.9321	21.8234	26.3005	27.0744

