/	C	A	T	G	T	G	D	S	N	Q	P	Q	H	F
E	23.9243	20.9603	20.0037	17.9256	15.6725	11.7553	13.2627	10.6589	14.0713	16.3663	18.8859	17.2847	21.7021	21.4436
P	25.083	21.7929	20.0998	17.4216	14.3509	10.8673	11.998	9.41673	12.7639	15.2068	18.2507	18.4069	21.6737	22.7056
L	23.7716	20.1875	18.0704	14.8899	11.3115	8.76777	9.12281	7.13572	9.81641	12.3581	15.8644	17.14	19.3632	21.7642
P	20.5422	17.2409	15.2711	12.2256	8.82473	5.84844	6.37561	5.09091	7.75767	9.91839	13.1673	13.6823	16.2995	18.2055
Q	18.3424	14.7241	11.8797	8.46502	4.73866	3.45132	3.41524	4.72888	6.84202	7.55369	10.6479	12.0942	12.5892	16.7804
G	18.1772	14.3344	11.7361	7.93031	3.86715	4.67506	4.03307	6.85911	8.67119	8.65449	11.6664	13.0049	12.6574	17.578
Q	14.3582	10.6569	7.76949	4.0	3.15038	4.96186	2.37391	7.35065	7.27487	6.48328	9.54018	10.9092	9.02245	13.6806
L	17.4377	14.0897	10.398	7.54169	3.80704	6.88486	3.70077	8.30936	6.43833	4.09819	7.91693	10.5925	8.11409	14.626
T	21.3968	17.7934	14.3735	10.7272	6.9202	8.14144	4.09067	8.63908	8.28047	8.4836	12.912	15.0622	13.5441	19.5421
A	23.3049	19.6162	16.3282	12.5873	8.77167	10.4231	6.6708	11.5625	10.8131	11.018	15.4531	17.5059	15.6645	21.6941
Y	26.6246	22.9146	19.6867	15.9049	12.2192	13.9518	10.143	14.9712	13.9775	14.152	18.814	21.0271	18.8951	25.0552

