/	CYS	ALA	SER	SER	TYR	LEU	GLY	ASN	THR	GLY	GLU	LEU	PHE	PHE	
SER	29.7642	27.141	24.9255	22.6668	20.4638	16.7305	16.9924	20.1228	21.3194	20.1094	23.7685	25.0222	28.1699	30.4558	
LEU	27.4276	24.6757	22.1321	19.6813	17.1892	13.5498	13.6873	16.8832	18.4879	17.3326	21.0914	22.4679	25.4221	27.9264	
LEU	25.7425	22.6611	19.9997	17.1485	14.4865	10.9634	10.4162	13.3577	14.9367	14.1764	17.9664	19.7494	22.7724	25.5557	
MET	22.16	19.1031	16.6408	13.9931	11.7739	8.05807	8.38448	11.728	12.7504	11.2654	14.9793	16.3966	19.4903	22.0816	
TRP	20.8028	17.4465	14.6476	11.4802	8.81846	5.48984	4.71709	7.99029	9.40401	8.35768	12.1729	14.0852	17.0065	20.0016	
ILE	22.069	18.7661	15.4791	12.1405	8.73967	6.32268	4.57184	7.34341	10.1771	9.82407	13.4599	15.5665	17.9092	21.1731	
THR	21.7146	18.3008	14.8349	11.2506	7.64851	6.96861	4.07507	4.92213	8.62333	9.16651	12.2364	14.7065	16.5459	20.1105	
GLN	21.8448	18.7518	15.0396	11.8604	8.31623	8.72066	6.98427	7.37525	11.1598	11.4495	13.9622	15.9795	17.0318	20.5162	
CYS	25.2348	22.1771	18.4752	15.3207	11.8947	12.4602	10.2524	9.76054	13.6208	14.6554	16.9197	19.2124	20.0314	23.6071	

