/	C	A	V	R	P	L	L	D	G	T	Y	I	P	T	F
S	25.3452	21.9741	18.4942	15.1685	11.7761	8.69769	6.00972	8.02872	7.81351	10.2714	9.90894	14.9167	17.9464	18.6141	22.836
L	24.0117	20.506	17.0974	13.6899	10.0839	6.93148	6.45367	8.25067	7.39073	9.76002	7.21498	13.8024	16.7248	18.2876	22.0504
L	22.7827	19.2386	15.9659	12.6414	9.07312	6.40152	7.34851	8.84945	7.48796	9.51159	4.90123	12.8745	15.6667	17.8704	21.2004
M	16.31	12.9421	9.44335	6.45123	3.4918	3.28229	3.62633	3.43017	3.29269	3.5863	2.45636	5.61337	8.36586	10.5587	13.9277
W	13.7089	10.3233	7.44021	3.88431	2.81491	3.73732	5.06629	6.6938	6.81871	6.75137	3.81179	6.35437	7.39257	9.65125	11.7878
I	21.1128	17.459	15.0034	10.4686	9.5979	8.79288	10.8306	12.1486	10.7732	11.7969	6.06822	12.9371	14.8807	17.3662	19.3526
T	20.9876	17.2621	15.9107	11.865	12.1973	10.6509	13.8304	15.4169	14.2124	14.8951	9.35899	15.6627	16.609	18.9635	20.1396
Q	23.2033	20.15	18.705	12.007	14.9679	14.4362	16.9124	18.1067	16.6502	15.6119	11.4643	16.4039	16.6138	20.4927	20.054
C	27.0018	23.5558	22.2555	16.6027	18.4542	17.5411	20.1685	21.51	19.8496	20.0962	14.5331	20.8266	21.5231	24.7329	25.0468

