/	C	A	V	R	P	L	L	D	G	T	Y	I	P	T	F
S	25.4347	22.035	18.528	15.1502	11.8273	8.50643	6.05408	8.14748	7.9153	10.3987	10.0194	15.0674	18.1597	18.6576	22.9454
L	24.1077	20.5772	17.1397	13.6837	10.0906	6.82554	6.28283	8.29887	7.46397	9.78232	7.30369	13.8825	16.8846	18.2554	22.1398
L	22.929	19.3225	16.063	12.6825	9.08046	6.41809	7.4251	8.99552	7.63804	9.56127	5.00024	13.0044	15.8722	17.9405	21.3955
M	16.4212	13.009	9.49498	6.46438	3.52467	3.47953	3.7481	3.48401	3.40946	3.69844	2.50673	5.6615	8.49246	10.5557	14.04
W	13.8506	10.3807	7.56753	3.77401	2.82752	3.82664	5.1887	6.84243	6.96644	6.84058	3.78633	6.47035	7.54356	9.80695	12.0127
I	21.3035	17.5729	15.1789	10.392	9.63737	9.08973	11.0309	12.4355	11.1238	11.9749	6.28481	13.1253	15.1126	17.5748	19.6626
T	21.0804	17.2925	15.97	11.8737	12.0494	10.6309	14.0017	15.6655	14.5308	15.0121	9.52873	15.8307	16.6352	19.0087	20.3326
Q	23.5094	20.3295	18.9581	12.182	15.0281	14.558	17.1178	18.3529	17.0139	15.7015	11.6992	16.6331	16.8901	20.7511	20.5201
C	27.3237	23.7924	22.5554	16.9171	18.5534	17.7206	20.4086	21.7813	20.2599	20.2578	14.8348	21.1329	21.8317	25.0396	25.5068

