/	CYS	ALA	SER	SER	TYR	LEU	GLY	ASN	THR	GLY	GLU	LEU	PHE	PHE	
SER	29.8763	27.3256	25.0426	22.813	20.583	16.8068	17.0555	20.2706	21.5313	20.1891	23.871	25.0923	28.2938	30.6453	
LEU	27.4976	24.8307	22.2249	19.8043	17.2895	13.6001	13.7395	17.0245	18.6789	17.4028	21.1617	22.5086	25.5235	28.0897	
LEU	25.8973	22.9004	20.1667	17.342	14.6476	11.084	10.531	13.5561	15.1826	14.3067	18.107	19.8638	22.9503	25.7905	
MET	22.2096	19.2349	16.6779	14.0595	11.7967	8.04232	8.37272	11.8074	12.9293	11.3154	15.0407	16.4252	19.5602	22.217	
TRP	20.8615	17.5957	14.6885	11.5408	8.80922	5.45002	4.68056	8.05706	9.58673	8.4366	12.243	14.1305	17.0885	20.1459	
ILE	22.0503	18.8538	15.4679	12.1393	8.66293	6.26159	4.53394	7.37503	10.2872	9.89074	13.4526	15.5509	17.9228	21.2496	
THR	21.7521	18.4382	14.8899	11.297	7.62671	6.98641	4.10474	4.9366	8.6597	9.24455	12.2148	14.7098	16.5967	20.2162	
GLN	22.0295	19.0411	15.2686	12.0604	8.45946	8.88442	7.11249	7.41677	11.2209	11.6572	14.025	16.1132	17.2175	20.7683	
CYS	25.4148	22.4724	18.7101	15.535	12.0517	12.6284	10.4366	9.92435	13.7648	14.9118	17.0485	19.3882	20.2555	23.8798	

