/	C	A	V	R	P	L	L	D	G	T	Y	I	P	T	F
S	25.7477	22.3065	18.7583	15.4242	12.1978	8.69433	6.18358	8.28116	8.15802	10.6094	10.1325	15.3393	18.3432	18.891	23.2472
L	24.2293	20.6592	17.1583	13.7482	10.2896	6.70601	6.33772	8.39162	7.68397	10.0677	7.30917	14.1597	17.0121	18.3773	22.3073
L	23.0381	19.4357	16.0492	12.7329	9.28504	6.32899	7.54849	9.15363	7.80662	9.85033	5.17454	13.2614	15.9508	18.0146	21.4867
M	16.5575	13.1145	9.48372	6.49598	3.6421	3.34804	3.80519	3.54652	3.42054	3.77366	2.78681	5.78161	8.4782	10.5771	14.1092
W	13.9494	10.5328	7.47357	3.70807	2.99274	3.92391	5.40952	6.8805	7.07651	7.07118	3.83819	6.67052	7.59524	9.78662	11.9424
I	21.3217	17.6511	15.0496	10.4805	9.77405	9.04241	11.1107	12.5632	11.066	12.1244	6.47081	13.2616	15.1052	17.5233	19.5582
T	21.2397	17.5317	16.0378	12.4025	12.3892	10.8366	14.1121	15.7828	14.4978	15.2613	9.70871	16.011	16.8624	19.1678	20.3754
Q	23.7764	20.4269	18.822	12.4679	15.1901	14.6185	17.2864	18.4146	16.7978	16.0758	11.8929	16.8602	16.9764	20.8273	20.4854
C	27.3576	23.9348	22.4508	17.066	18.7237	17.7807	20.5571	21.8228	20.2367	20.5512	15.0613	21.2723	21.7997	24.9807	25.3228

