/	C	A	S	S	Y	L	G	N	T	G	E	L	F	F
S	28.1776	24.1253	23.507	19.8981	18.1831	14.145	15.5588	17.2286	19.5665	19.07	21.4573	22.2091	25.7178	26.8464
L	25.1196	21.4542	20.5858	17.0604	15.1227	11.1496	12.7223	14.5297	16.7226	16.0672	18.4473	19.8536	22.6809	24.7484
L	23.7147	19.5157	18.0838	14.5697	12.2453	8.14106	9.28165	10.4411	13.3396	13.5063	15.8906	17.8499	19.9479	22.8691
M	18.3195	14.382	13.8963	10.2857	8.49828	4.75085	6.47098	9.03391	11.3197	10.2003	12.4035	11.9807	15.7274	16.5837
W	15.1663	11.2816	9.37671	5.55426	3.91757	3.50155	3.47115	5.95539	6.11415	4.37699	6.57013	8.08321	10.8367	12.8857
I	19.4621	15.7054	12.8811	8.94415	6.28469	2.99446	3.47787	4.89713	8.34309	8.65156	10.8287	13.5989	13.2031	18.5071
T	20.9097	17.2233	13.9989	10.2474	6.80382	4.79494	3.86268	2.87531	5.9255	7.45987	10.0316	13.3897	12.2935	18.7451
Q	16.1408	13.7721	10.7695	7.18898	3.5792	6.37873	5.65994	5.424	8.46729	9.64327	11.3273	13.5156	11.076	16.3386
C	22.7733	20.0358	16.6859	13.0833	8.67297	9.86683	9.29229	8.79772	11.5254	13.0207	14.9807	17.7831	15.3474	21.739

