/	C	A	G	A	G	S	Q	G	N	L	I	F
G	25.9548	22.7541	18.8605	15.9567	13.5304	9.83353	9.22056	13.2442	16.0014	19.2349	17.6143	22.6766
I	23.3124	20.2324	16.2217	13.6423	10.6048	6.70143	6.52986	9.87105	12.6522	15.9902	14.9108	19.8636
L	21.3554	17.7882	14.0863	11.0665	8.55562	4.99856	6.01488	7.48593	10.2914	13.7715	13.745	18.3293
G	18.497	15.6563	11.7136	9.78403	6.13294	3.36566	3.24274	3.69015	6.33349	10.0128	10.9588	15.0501
F	17.3455	13.9601	10.2013	7.55564	4.70951	3.60296	4.58934	3.81317	6.01594	9.23446	10.9058	14.6201
V	19.8116	16.5777	13.1707	10.9791	7.93384	6.85707	6.53809	5.69797	8.07375	11.4052	13.9673	16.3985
F	20.7091	17.1837	13.9997	10.6946	9.53268	9.17591	9.89752	8.52492	10.6658	13.2153	15.619	18.2115
T	23.3944	20.1706	17.4551	14.6442	13.5564	13.6222	13.0119	11.3304	13.2057	15.6364	18.6106	20.1061
L	26.399	23.0132	20.4644	17.3976	16.6968	16.5884	16.3775	14.7798	16.6829	18.7767	21.9125	23.4082

