/	C	A	S	S	S	R	S	S	Y	E	Q	Y	F	
G	30.1914	28.5563	26.7697	25.1691	25.0489	21.1492	18.8097	18.4671	21.7733	25.3338	26.679	30.2738	31.7324	
I	27.9087	26.0592	23.9351	22.1689	21.7226	17.8334	15.8237	15.9351	19.0759	22.7735	24.1239	27.6296	29.3083	
L	24.7892	22.6867	20.4728	18.5211	18.1264	14.2306	12.2094	12.1889	15.2579	18.9753	20.4302	23.9665	25.8028	
G	21.4509	19.6379	17.7975	16.3591	16.6409	12.811	10.0225	10.0844	13.6095	17.0473	17.9563	21.4368	22.8751	
F	19.4648	17.2102	14.8988	13.0519	12.9752	9.10344	6.69149	7.32571	10.4887	14.0885	15.1348	18.5461	20.3754	
V	19.9998	17.6398	14.7508	12.7536	11.7348	7.99565	6.99005	9.0669	11.3509	14.9408	15.8468	18.8656	20.9406	
F	19.9486	17.1836	13.7892	11.2587	9.21124	5.97276	6.98965	9.48619	10.4623	13.8522	14.9683	17.6298	20.1778	
T	21.3462	18.66	15.009	12.662	9.82493	7.83338	9.90759	12.8173	13.1387	16.081	16.9187	18.9839	21.6006	
L	24.5692	21.6813	17.9217	15.2337	11.8851	10.5225	13.0858	15.5209	15.3032	18.1422	19.4282	21.3419	24.2789	

