/	C	A	S	S	S	R	S	S	Y	E	Q	Y	F
G	28.6158	25.5062	24.8566	21.2601	21.4376	15.2746	15.1675	14.564	18.8269	22.3452	21.6875	27.18	27.5286
I	25.4046	22.2482	21.6615	18.138	18.4556	12.8573	12.0385	11.7214	16.0785	19.6788	18.5138	24.0889	24.3803
L	22.8591	19.7362	18.9919	15.4622	14.698	8.50623	9.28378	9.12296	12.6646	16.0531	16.2029	21.4109	22.1905
G	18.6371	15.4687	15.1475	11.7981	13.1894	8.77092	6.08686	6.47482	10.636	14.2339	12.0738	17.6813	17.9857
F	18.3379	14.938	13.6733	10.0189	10.8284	4.10007	4.28947	4.06572	7.88976	11.498	11.1183	15.9923	17.2008
V	16.905	13.4234	11.8012	8.56043	7.2777	4.95206	3.00552	6.69284	8.28036	11.5029	11.6494	14.9437	17.5072
F	18.3671	14.9171	12.7776	9.08237	6.8361	4.18101	5.24666	8.09858	8.64564	11.5403	13.504	15.2131	18.8968
T	17.9841	15.0566	12.6646	8.7981	5.79954	5.58595	7.2987	10.4735	10.672	13.4032	14.8792	15.1286	18.9228
L	21.6828	18.6292	16.1347	12.2083	9.11711	8.60296	10.771	13.8903	13.3979	16.1851	18.1551	17.7687	22.3533

