/	CYS	ALA	GLY	ALA	GLY	SER	GLN	GLY	ASN	LEU	ILE	PHE	
GLY	28.0493	24.5756	21.4856	18.4395	15.7449	12.0434	12.0171	14.8333	17.8014	20.1816	20.6455	24.4419	
ILE	27.0357	23.418	20.316	16.9103	14.5603	10.9466	10.6068	12.6266	16.0236	18.7101	19.8479	23.684	
LEU	23.6682	20.0289	16.8947	13.3509	11.3334	7.8953	7.89032	9.34943	12.8071	15.3755	16.8309	20.6619	
GLY	21.3638	17.6427	14.9362	11.5842	8.89341	5.88198	4.37614	6.34658	9.64025	12.5337	13.9844	17.7281	
PHE	19.9393	16.1929	13.5512	9.91654	8.24121	6.3018	5.14087	4.36952	8.0997	11.0598	13.3959	16.9685	
VAL	22.3585	18.6775	16.2054	12.5334	11.572	9.98782	8.72006	6.98177	10.5517	13.6097	16.4574	19.7906	
PHE	22.5329	19.0628	16.7718	13.2499	13.3247	12.4572	11.6723	9.03392	11.9544	14.5375	17.8095	20.8044	
THR	25.5511	22.2238	20.1223	16.7287	17.0322	16.212	15.2953	12.594	15.3328	17.88	21.3065	24.1037	
LEU	27.8669	24.7153	22.4579	19.1163	19.8388	18.9021	18.4786	15.9088	18.6131	20.8462	24.2298	27.0066	

