2vlr	
	CYS	ALA	SER	SER	SER	ARG	ALA	SER	TYR	GLU	GLN	TYR	PHE	
GLY	30.3267	28.5996	27.0559	25.1064	24.9927	21.115	18.8607	18.6814	22.0136	25.622	26.8287	30.461	31.9828	
ILE	27.9445	26.0014	24.1151	22.0153	21.5851	17.7049	15.7984	16.0867	19.2292	22.9625	24.1745	27.6976	29.4351	
LEU	24.9116	22.6986	20.7146	18.4181	18.0232	14.1406	12.2126	12.3435	15.3961	19.1548	20.5029	24.0637	25.9693	
GLY	21.6071	19.6649	18.0863	16.2438	16.5598	12.7856	10.0376	10.1436	13.6896	17.1513	17.9866	21.5346	23.0521	
PHE	19.5105	17.1325	15.0663	12.8514	12.8115	8.98818	6.61355	7.35204	10.5011	14.1165	15.0779	18.526	20.423	
VAL	19.8211	17.3271	14.6185	12.2852	11.2801	7.52865	6.74244	9.04279	11.2016	14.7784	15.5838	18.5705	20.7243	
PHE	19.7554	16.8808	13.6055	10.8505	8.75619	5.49889	6.90211	9.64097	10.418	13.7584	14.7578	17.3096	19.9219	
THR	21.2117	18.4223	14.8418	12.3471	9.45296	7.52494	9.99469	13.0649	13.1535	16.0159	16.7658	18.6612	21.3481	
LEU	24.4436	21.4599	17.7466	14.9818	11.5683	10.2487	13.1637	15.7571	15.2868	18.0581	19.2756	20.9915	23.9975	

