/	C	A	G	A	G	S	Q	G	N	L	I	F
G	26.2336	23.037	19.2284	16.1504	13.5296	9.91613	9.12773	13.249	16.0457	19.1869	17.5934	22.6519
I	23.5726	20.4452	16.5212	13.7836	10.5533	6.77356	6.31502	9.80375	12.6075	15.9045	14.8973	19.8248
L	21.5486	17.983	14.3488	11.2364	8.64381	5.16913	6.0151	7.66617	10.4144	13.8387	13.817	18.4063
G	18.8096	15.8459	11.9489	9.85834	6.09351	3.2773	3.39549	3.79236	6.38296	9.99688	10.9534	15.0383
F	17.4974	14.068	10.3555	7.65615	4.69573	3.53306	4.87817	3.95352	6.0215	9.16073	10.9764	14.6017
V	20.0459	16.7901	13.2586	10.9441	7.9135	6.94091	6.88609	5.77315	8.03547	11.3262	13.8482	16.3457
F	20.9363	17.3952	14.2141	10.9049	9.76835	9.40217	10.3432	8.7584	10.7069	13.3362	15.6523	18.2557
T	23.6731	20.4407	17.7247	14.9152	13.8742	13.9486	13.5952	11.6926	13.3966	15.7406	18.7393	20.1517
L	26.7155	23.4349	20.7587	17.6991	17.0469	16.946	17.0097	15.2457	16.9364	18.914	22.1016	23.5356

