/	C	A	V	S	G	G	Y	Q	K	V	T	F
K	21.1157	17.7296	14.5552	11.1555	8.33198	10.5742	10.9915	15.0758	13.8418	16.0186	15.5673	19.6191
A	21.9156	18.1944	15.2672	11.3932	7.61477	9.43937	7.95958	13.3448	13.9992	16.1449	17.6466	20.9346
F	20.1559	16.3201	14.3453	10.7337	6.90387	7.85163	5.04604	10.7069	12.4564	14.9314	16.9419	19.8217
S	17.2165	13.4745	10.7219	7.16991	2.83401	3.88188	3.84573	7.67346	8.27825	10.5176	12.532	15.894
P	17.027	13.5127	10.8588	6.47526	5.31543	3.46436	2.77423	5.04565	7.09269	9.77627	12.5148	15.0027
E	10.762	7.4886	5.86995	2.73831	4.84174	3.09604	3.30086	2.73281	4.32248	5.68182	7.93815	9.36629
V	16.5036	13.5049	11.7703	7.75866	8.36471	6.12089	5.15327	3.99046	8.35831	10.7805	13.5241	13.895
I	19.5347	16.4574	14.4636	10.0674	9.85538	6.90604	3.21175	6.26179	8.00898	11.8802	15.2738	16.1748
P	22.8012	19.4868	17.2004	12.7996	11.4757	9.81203	6.25247	9.74792	12.4336	15.5813	18.6749	19.7368
M	24.6967	21.585	19.762	15.4247	15.139	12.7339	9.28419	10.5886	14.0377	17.5871	20.873	19.9508
F	28.0029	24.9313	23.1801	18.8181	18.4822	16.041	12.0501	13.9883	16.8527	20.7291	24.1072	23.9888

