/	C	A	S	T	G	S	Y	G	Y	T	F	
K	33.1467	30.0152	28.2003	25.1511	25.1966	22.8981	21.2789	23.0177	25.975	29.5645	31.9807	
A	30.7889	27.5921	25.4859	22.377	22.2642	20.2243	19.0839	21.0119	23.7907	27.2416	29.7861	
F	28.2481	24.862	22.5613	19.2462	18.8438	16.6078	15.5713	17.7956	20.705	24.0521	26.8173	
S	24.7053	21.4216	19.3429	16.2466	16.4061	14.4948	13.2087	14.9002	17.5585	21.0112	23.543	
P	22.4267	18.9251	16.4725	13.0945	12.8102	10.8249	9.99606	12.1436	14.8049	18.0251	20.8666	
E	19.143	15.584	13.3695	10.0576	10.285	8.30742	6.80662	8.46166	11.1484	14.4986	17.2708	
V	18.5982	14.9216	11.9681	8.32117	7.51482	5.96968	6.44809	8.79935	10.8986	13.5727	16.7151	
I	19.9457	16.5192	13.3402	10.0894	9.2855	8.88968	10.1598	12.2126	13.6809	16.0547	18.9848	
P	23.1434	19.6757	16.2448	12.8852	11.1119	10.3727	12.2046	14.9245	16.6171	18.6755	21.874	
M	22.0993	18.9044	15.3002	12.4664	10.7051	11.2528	13.8185	16.0705	16.9504	18.4316	21.4259	
F	24.9164	21.8388	18.1195	15.4705	13.212	13.8494	16.8094	19.2825	20.0754	21.1375	24.1973	

