3d39	
	CYS	ALA	VAL	THR	THR	ASP	SER	TRP	GLY	LYS	LEU	GLN	PHE	
LEU	23.3605	20.5286	16.7821	14.1986	10.5138	11.2181	14.395	15.0753	14.2213	17.5535	18.4803	19.1984	22.5277	
LEU	23.5194	20.3378	16.7383	13.6132	9.90567	9.27513	11.7642	12.7289	12.7746	16.3689	17.5857	19.0373	22.4652	
PHE	21.958	18.7242	15.3964	12.2754	9.06605	7.6389	9.62432	11.6195	12.1584	15.4795	16.2432	18.1891	21.3704	
GLY	19.0382	15.5931	12.4452	9.04452	6.22362	3.97511	6.04286	8.28456	8.79226	11.8995	12.6369	14.8974	18.0724	
PFF	20.1154	16.6458	14.0951	10.8498	9.06795	5.9164	5.44813	8.6859	10.3978	13.0349	13.6272	16.5258	19.3754	
PRO	23.7738	20.2466	17.7389	14.341	12.2946	8.90243	7.64182	10.1603	12.6863	15.5805	16.7297	19.7829	22.7442	
VAL	25.2396	21.7764	19.7772	16.5853	15.1837	11.6115	9.30585	11.8925	14.9024	17.2659	18.2766	21.6627	24.3137	
TYR	28.7048	25.1995	23.3048	20.0238	18.5791	14.8929	12.2728	14.1969	17.5814	19.9247	21.3011	24.7928	27.4694	
VAL	31.6628	28.2735	26.4018	23.2422	21.7292	18.1582	15.7755	17.8899	21.1899	23.5614	24.7521	28.2247	30.8108	

