/	C	A	S	R	P	G	L	A	G	G	R	P	E	Q	Y	F	
L	30.7043	27.4418	25.64	22.2763	21.4521	18.9926	18.2462	21.5519	21.3547	18.0544	19.2104	17.6842	20.8088	22.7979	26.6055	29.1007	
L	28.8282	25.5014	23.3177	19.8282	18.539	15.9456	14.7766	18.0557	18.0722	15.0258	16.7041	15.5089	18.9436	20.9339	24.6952	27.3501	
F	26.8137	23.3041	20.8681	17.2035	15.6437	13.5225	12.2426	15.1723	14.701	11.5505	13.116	12.3396	15.9491	18.2892	21.942	24.8778	
G	23.0505	19.5606	17.2468	13.6583	12.5171	10.4134	9.98217	13.0725	12.6773	9.2832	10.7399	9.21544	12.6862	14.707	18.4199	21.2195	
P	23.8832	20.4618	17.2777	13.6498	10.8554	8.77233	6.07175	8.53907	8.76206	6.92355	10.117	10.5005	14.1954	16.1497	19.2872	22.3571	
V	23.3037	19.9844	16.463	13.0564	9.58091	8.29359	4.90463	5.71035	6.07905	5.97406	9.56385	10.9228	14.2445	16.0465	18.6414	21.7859	
Y	24.892	21.8738	18.2258	15.2451	11.5505	10.2174	6.53282	6.23593	7.87007	9.22236	12.7981	14.3361	17.3639	18.7577	20.987	23.931	
V	28.0357	25.0291	21.3117	18.3988	14.5951	13.7722	10.1787	9.15389	10.0079	11.7472	14.926	17.0754	20.0633	21.7382	23.7366	26.817	

