/	C	A	V	T	T	D	S	W	G	K	L	Q	F	
L	23.2675	20.4388	16.6589	14.0729	10.4264	10.8852	13.977	14.9763	14.0795	17.3393	18.239	19.0897	22.4123	
L	23.4864	20.3618	16.7134	13.6092	9.98225	9.08249	11.4371	12.7859	12.8164	16.3685	17.4744	19.0623	22.4167	
F	21.9089	18.811	15.3849	12.3128	9.24452	7.57289	9.36425	11.6974	12.271	15.6045	16.2	18.2448	21.2985	
G	19.0809	15.7545	12.5019	9.13182	6.39234	3.96806	5.8565	8.32983	8.89571	12.0705	12.6469	14.9809	18.0297	
P	23.7136	20.3615	17.7156	14.3485	12.3756	8.90385	7.48566	10.1914	12.7479	15.7701	16.6804	19.7945	22.5713	
V	25.2044	21.9531	19.7933	16.6329	15.3011	11.6899	9.26727	11.9323	15.0094	17.553	18.2942	21.7227	24.1535	
Y	28.5657	25.2384	23.2016	19.9254	18.5376	14.8095	12.0723	14.0072	17.4487	19.9632	21.1111	24.6584	27.1263	
V	31.5006	28.3233	26.2543	23.1037	21.6273	18.0033	15.5458	17.725	21.0595	23.6375	24.5946	28.1015	30.4868	

