/	C	A	S	R	P	G	L	A	G	G	R	P	E	Q	Y	F
L	26.8963	23.7585	22.0602	13.3346	18.8047	15.8121	14.7623	18.7941	17.3309	19.3763	17.2116	13.7828	17.1041	19.1431	22.3834	23.1184
L	25.9147	22.4312	20.4073	12.1497	16.3242	12.7524	11.4634	15.7459	14.6298	16.6416	15.0044	11.8803	15.6441	18.0201	21.1288	22.9384
F	24.015	20.3434	17.5711	10.6333	12.2298	9.11999	8.81822	11.0337	8.44993	10.6187	9.5856	7.9352	12.1063	15.3026	17.1855	21.6212
G	20.0503	16.3913	14.1319	6.95177	9.67505	6.19058	6.27269	9.709	9.18693	10.8907	9.70068	7.44657	10.5569	12.6343	15.3504	18.0115
P	20.9309	17.1526	14.307	9.83267	7.84321	4.46428	3.47138	5.26113	5.96003	8.028	9.19319	8.85862	12.1367	14.3217	15.6833	19.7299
V	21.3378	17.8764	14.4452	10.9844	7.81262	5.91815	3.36387	3.60964	3.72842	5.66118	6.96128	8.13744	11.3437	13.9398	14.2903	19.3315
Y	18.7649	15.8415	13.6884	10.0437	6.77069	6.55604	3.38442	3.87913	6.00321	8.86438	11.0989	12.4216	14.5672	16.2537	16.4371	19.8251
V	25.4683	22.4801	19.1837	15.7731	12.273	11.0622	6.87001	7.63687	9.00784	11.5377	13.9163	15.5511	18.4301	20.5339	20.2978	24.9469

