/	C	I	V	W	G	G	Y	Q	K	V	T	F
E	20.3006	17.5074	13.7405	12.5331	9.49602	10.5143	6.25566	7.82148	13.5755	16.4374	15.9516	20.2679
E	21.6004	18.156	14.7874	12.0018	7.685	8.9807	6.05661	9.1845	13.6945	16.663	17.7014	21.4487
N	19.3989	15.6153	12.7946	9.18133	5.16061	6.65168	5.89082	9.60052	13.1223	15.3957	17.2444	20.1109
L	18.1987	14.4284	11.6159	6.70699	4.02906	4.10974	3.58427	6.77714	10.4632	12.7557	15.1012	18.0066
L	16.4981	12.6342	10.3833	4.0811	4.37735	2.89367	3.94369	6.74649	10.1284	10.9865	13.9787	16.2319
D	17.0092	12.642	11.5984	3.47625	6.25409	4.2504	3.59153	5.77834	8.32027	8.98956	12.8131	13.9323
F	16.3227	12.5795	11.6641	4.05934	8.23553	6.59702	6.34053	9.16485	12.126	11.0961	15.0671	15.393
V	21.5647	17.7838	16.2128	7.96336	10.3194	9.02744	8.79558	11.6903	14.8464	15.0593	18.9938	19.6633
R	21.626	16.8859	17.2997	8.73863	13.6773	11.1206	9.91167	11.8385	13.882	13.3745	17.8121	16.9639
F	28.3672	24.3981	23.1246	14.6429	17.2774	15.7029	14.8921	17.6509	20.6898	21.2396	25.3553	25.4899

