/	C	A	S	S	F	T	W	T	S	G	G	A	T	D	T	Q	Y	F
F	22.8844	19.7978	18.7891	14.8016	14.8616	11.7353	7.58902	4.11958	7.85047	8.15967	10.5769	14.148	13.28	9.26938	14.8645	14.3936	20.0183	20.3511
L	23.9206	20.4526	19.1082	15.0159	13.962	10.9804	8.17773	5.18516	7.61733	8.57284	11.0035	14.4093	12.6129	10.2564	15.6248	16.0027	20.4343	22.1938
R	22.7782	19.0375	17.518	13.5205	11.1119	8.546	7.40071	4.75005	6.72967	8.60266	10.4723	13.0925	10.1273	9.83089	14.946	15.7741	18.8532	21.8844
G	20.524	16.6241	14.6954	10.9206	8.10995	5.63171	5.68815	3.6968	5.91401	7.9288	10.234	12.2979	8.39075	8.16859	12.8613	14.0493	16.2796	20.0447
R	19.6493	15.7024	14.2327	10.5844	7.49289	6.51668	6.29645	5.8348	7.74166	10.2068	12.244	14.2555	10.2826	9.70159	14.2571	15.0704	16.8264	20.3895
A	16.4855	12.488	10.704	6.97787	3.90316	4.00177	5.10282	7.38372	7.92532	10.4652	11.8359	11.7613	8.05519	8.1735	11.3722	12.2049	13.3922	16.9131
Y	14.6182	11.0272	8.33553	4.73204	3.27251	4.52569	7.84159	9.86563	9.02479	11.9176	12.0611	10.7973	7.40943	9.40492	9.86971	11.6115	10.2493	14.2818
G	21.0006	17.4879	15.7677	12.0573	9.51733	9.75355	10.9221	13.1188	13.5104	16.2489	17.5002	17.2958	13.3218	14.5761	17.4396	18.4839	18.5005	22.1653
L	24.5323	21.1191	19.2652	15.5403	12.9163	12.6749	14.2233	15.6389	15.9282	18.6032	19.8811	19.9765	15.8912	17.5144	20.6602	21.9908	21.6063	25.64

