/	C	A	M	R	E	D	T	G	N	Q	F	Y	F	
F	25.1903	21.7904	18.3014	15.0459	12.2042	8.53144	9.26655	12.6311	14.2583	16.8659	18.573	20.326	23.7891	
L	26.1591	22.5836	19.4164	15.8166	13.6351	9.80711	10.8107	13.4732	14.0941	16.7024	18.7253	21.0103	24.401	
R	25.196	21.6743	18.8521	15.1392	13.7705	10.2224	12.2638	14.2535	14.3665	16.285	17.9119	20.7031	23.768	
G	24.1937	20.602	18.2632	14.4858	13.942	10.8372	12.8869	13.8864	13.0363	14.5816	16.3474	19.5125	22.3655	
R	26.6792	23.1772	21.2181	17.5145	17.4226	14.5181	16.5704	17.2747	15.9283	17.1704	18.8709	22.2806	24.8596	
A	25.3084	21.9247	20.5419	17.049	17.7505	15.4797	17.6175	17.5028	15.5529	16.0923	17.5659	21.191	23.3663	
Y	28.3056	25.0896	23.8865	20.4844	21.2928	18.9966	21.2806	21.2876	19.351	19.7486	21.0083	24.705	26.6594	
G	31.8869	28.5772	27.2144	23.694	24.1596	21.5253	23.492	23.7664	21.7885	22.6231	24.2411	27.8617	29.9955	
L	34.8692	31.6429	30.204	26.6817	27.025	24.2571	26.384	26.9682	25.2344	26.103	27.5685	31.207	33.3185	

