/	C	A	R	N	T	G	N	Q	F	Y	F
N	20.5368	17.7612	9.85314	10.1034	11.0267	11.2424	13.2551	15.0669	15.9322	17.5691	20.5184
L	20.6501	17.2319	10.1887	9.08686	10.113	9.56584	11.2238	13.6271	14.5094	17.1336	20.2263
V	19.5491	15.8212	9.86401	7.63115	8.37169	7.15295	8.48768	11.1179	12.3885	15.6502	18.9169
P	16.0023	12.3174	6.61996	4.18545	5.42655	3.63775	5.02065	7.54692	9.17319	12.2546	15.5738
M	13.5216	9.87405	7.35929	3.86282	5.76485	3.53495	3.48093	5.14202	4.76154	9.54128	12.5986
V	19.2866	15.5395	12.2449	8.61143	9.34912	6.80948	4.63232	9.38868	10.356	15.0856	17.9952
A	19.7642	16.1189	14.5769	10.9343	12.0284	9.26875	6.37384	10.7038	10.5208	16.4491	17.8558
T	21.3887	18.0905	16.2842	13.0922	13.8127	10.7973	6.92627	11.5543	12.101	17.4636	18.0559
V	25.0168	21.6322	19.9314	16.7467	17.2428	14.2544	10.238	15.0191	15.6567	21.1382	22.0883

