/	C	A	S	S	P	V	T	G	G	I	Y	G	Y	T	F
N	29.3994	26.2603	25.5637	21.86	23.8349	19.6779	17.7815	14.724	16.6942	15.7179	19.8279	22.3983	19.8352	26.9804	26.1942
L	27.7829	24.4236	23.4535	19.5861	20.9805	16.9542	14.7713	11.877	14.0681	13.5293	17.6164	20.4849	18.155	25.1227	25.0103
V	25.1212	21.6141	20.5561	16.494	17.1305	13.3099	10.8932	8.199	10.413	10.052	14.3126	17.5928	15.595	22.5789	22.8905
P	21.6014	18.1722	17.3493	13.6232	15.5497	11.3738	9.46006	6.93353	8.77593	9.23319	12.6629	15.3681	12.048	19.3411	19.342
M	17.7401	14.3668	12.7151	8.74197	10.8912	6.81467	6.32884	3.12822	3.30366	4.36966	6.81424	9.64346	8.13162	14.1705	15.0799
V	20.4674	16.6151	14.9598	11.0678	10.8914	7.43355	4.36754	3.6281	5.33096	8.27318	10.8373	14.1881	12.0723	17.738	19.6222
A	20.1438	16.3947	13.8233	9.79882	8.74822	5.35294	3.44965	3.4601	3.91288	6.06946	7.78676	11.8955	12.2961	16.0378	18.7569
T	17.8583	14.1332	11.8793	7.94938	5.86037	4.13205	2.92166	4.93158	5.29899	8.41687	8.58814	12.8307	11.819	14.7164	18.0325
V	20.8825	17.7932	15.2994	11.196	8.1114	6.52346	6.40931	8.48781	8.74606	11.518	10.8346	16.2735	15.8861	17.4565	21.325

