/	C	A	S	R	P	G	L	A	G	G	R	P	E	Q	Y	F
M	27.114	23.9866	22.4385	14.2727	19.2326	16.134	14.7827	19.079	19.0626	18.4359	18.9553	15.3989	18.2464	19.4112	22.7163	23.1493
L	26.2938	23.2242	20.7635	12.9604	16.4658	13.2644	11.3892	16.0206	16.2507	15.804	16.5301	13.2221	16.4529	18.1772	21.2767	23.0261
W	24.2604	20.9722	17.5083	11.3859	12.0969	9.96043	8.42791	12.1569	10.4343	9.2372	10.6433	7.47972	11.7225	14.6657	15.8321	20.8138
G	20.1861	16.8761	14.1167	7.10513	9.53722	6.49135	6.69091	9.68761	9.92046	9.73914	10.3458	7.52721	10.3583	12.1162	14.9147	17.6989
Y	19.4515	15.994	12.3179	8.51221	6.2646	5.82987	6.76462	6.59573	4.30327	3.13557	5.29221	4.0086	7.36828	10.4218	11.1795	16.6831
L	21.3946	17.6695	14.504	10.3223	7.87339	5.25852	3.8465	5.6071	5.37523	7.10545	9.8623	8.21843	11.5108	13.9431	14.8906	19.77
Q	21.6672	18.2312	14.4728	11.5112	8.09225	7.35325	4.43486	3.46729	3.43335	4.70478	7.6736	9.48307	11.963	14.844	13.6522	19.7364
Y	19.1056	16.0215	13.6805	10.1123	6.74885	6.30946	3.48148	3.90118	5.56648	8.06489	11.4492	12.0819	14.4089	16.0075	16.1387	20.1601
V	25.9978	22.6973	19.3329	16.1112	12.5843	11.6267	7.39527	8.28106	9.01324	11.1449	14.5306	15.5308	17.9048	20.3667	20.0315	25.2545

