/	C	A	V	T	T	D	S	W	G	K	L	Q	F
M	17.9163	15.4078	11.4909	8.85326	6.59133	8.53556	11.2597	12.6281	11.7505	13.0771	15.1722	13.938	17.813
L	19.9043	16.448	13.5069	9.63009	5.97782	6.70332	8.98631	10.5346	10.9751	13.5162	15.4444	15.8058	19.346
W	19.118	15.0043	13.5899	9.84956	6.07023	5.75605	6.95226	8.63795	9.93191	13.1109	14.37	16.1885	19.2112
G	17.4367	13.5937	11.0839	7.53863	4.24601	3.38606	2.88414	5.35477	6.90474	9.9748	11.2584	13.0991	15.8026
Y	18.1829	14.3439	12.7322	9.2341	6.17075	5.31099	4.07373	7.48595	9.1195	12.2003	12.4128	15.0897	16.5035
L	21.2047	17.3159	15.3491	11.5536	9.34069	7.20381	4.56207	7.86501	10.0535	13.5633	15.0256	17.333	19.3415
Q	23.9865	20.1678	18.4909	14.5799	12.9005	11.0187	7.10268	11.1236	13.6599	16.9322	17.7925	20.3253	21.7515
Y	25.7176	22.4739	20.3509	16.2184	15.762	12.3171	9.02341	6.77535	13.2243	16.0348	17.6203	20.6286	21.2959
V	29.8064	26.1621	24.4637	20.4741	18.9469	16.6358	12.495	13.6687	18.5832	21.8641	23.0209	25.8274	26.8067

