/	C	A	V	N	V	A	G	K	S	T	F
E	17.2076	14.2713	10.0285	7.62034	5.89863	6.1232	7.51159	9.87772	12.4361	11.9397	15.9316
L	19.3038	15.7584	12.2948	8.79306	8.65559	7.70015	7.66275	10.0914	13.1683	14.1009	17.8873
A	18.9048	15.0996	12.1441	7.51121	8.88141	8.15767	7.08679	9.01502	12.1564	14.2737	17.4949
G	15.3441	11.6262	8.96795	3.37337	6.81451	6.74055	5.99498	6.81911	8.98088	11.1701	13.8621
I	14.4795	10.568	8.81416	3.37198	7.69608	8.87542	7.91403	8.34093	9.22595	11.6883	14.0515
G	18.5231	14.681	13.0217	7.19973	11.5908	12.3447	10.829	11.7014	12.7004	15.6316	17.5801
I	20.604	16.8872	14.9415	8.93774	12.874	11.8345	10.2671	11.8802	13.4874	16.9212	18.2472
L	20.3315	17.0829	15.6016	9.83876	14.3789	14.5559	12.2818	12.9724	13.3481	17.2564	17.7471
T	24.7684	21.5885	19.7906	13.9881	18.1361	17.2577	14.9509	16.0796	17.3006	21.098	21.6427
V	28.1944	24.9463	23.1396	17.2484	21.3767	20.2762	18.0397	19.3478	20.7885	24.5294	25.1391

