/	C	A	S	S	L	G	Q	A	Y	E	Q	Y	F
E	33.7731	30.7064	29.8338	25.7791	25.7293	23.237	17.3958	18.8698	20.926	25.1667	25.0125	30.6218	30.0971
E	30.549	27.1112	26.1256	22.0235	21.3717	19.1299	13.0545	15.7271	17.3621	22.1468	21.8045	27.4435	27.1086
Y	26.9083	23.671	22.1157	18.132	17.5915	15.6774	10.7329	11.0255	11.9079	16.7547	18.1204	22.1332	23.1879
L	21.7225	18.7759	18.4387	14.5814	16.0352	12.6456	6.79775	8.62067	11.9948	14.9129	13.1776	19.3891	18.5595
K	22.2847	18.8724	17.4429	13.3362	12.9268	10.4871	5.24949	6.71059	7.69395	13.3572	13.9394	18.4994	19.523
A	18.4483	14.8728	13.2625	9.15241	9.05051	6.28132	3.1053	3.54912	5.84962	9.95211	10.355	14.6825	16.0173
W	17.8216	14.5607	12.1828	8.9279	8.70794	7.04462	5.14934	3.41413	3.89878	6.1005	9.23433	11.309	14.1127
T	17.5725	13.7373	11.4081	7.77577	5.01091	4.01647	4.1724	5.40221	2.63226	9.43564	11.5889	12.6964	16.4897
F	18.9014	15.3064	12.3934	8.66498	4.60403	5.78256	7.36705	8.66505	4.58195	10.8492	13.4247	12.7991	18.1098

