/	C	I	L	P	L	A	G	G	T	S	Y	G	K	L	T	F
E	22.794	20.1962	15.8637	17.0935	13.2539	12.3826	8.54074	10.0504	11.5028	14.5105	17.1144	18.9005	21.2496	23.4963	21.7568	25.1016
E	21.6326	18.2875	15.0761	14.4497	10.306	11.4378	7.50671	7.55149	9.64746	11.894	14.0565	15.7297	18.3306	20.6831	20.1248	23.4663
Y	18.9502	15.0666	12.9697	11.7052	6.30048	10.2563	7.18786	5.96747	7.9796	9.09409	10.9433	12.442	15.1149	17.1196	17.9686	21.1755
L	16.3108	12.5766	9.00737	6.70033	3.86517	6.59746	5.91056	3.69624	3.93238	3.22207	4.96741	6.88155	9.37319	12.0792	12.5416	16.1127
K	18.5793	14.7053	12.2776	9.95683	5.72495	10.1998	9.01783	7.03262	8.4198	7.03653	7.29385	8.67473	11.3667	14.1244	16.197	19.2266
A	15.8725	11.963	9.78896	7.08296	3.51629	8.59083	10.0479	8.25356	8.3516	4.54985	3.78767	5.11004	7.76961	10.6489	12.7934	15.8735
W	14.1754	10.5453	10.4053	7.70546	5.99386	11.2404	12.4221	10.827	11.4611	7.96805	6.31646	8.0581	10.3826	9.96199	14.0118	15.5188
T	20.2738	16.6317	15.2058	12.1599	9.31613	14.7483	16.0941	14.2091	13.7215	10.4236	7.2042	9.44762	11.1189	13.9959	17.3168	18.8152
F	23.6285	19.9945	18.7866	15.6131	12.9584	18.3472	19.5714	17.5741	17.6195	14.1367	10.9137	13.0228	14.6958	16.8964	20.6321	21.3518

