/	C	A	S	S	L	G	Q	A	Y	E	Q	Y	F
E	33.5718	30.5595	29.8149	25.8334	26.1358	23.2525	17.3674	18.7258	21.1077	25.1706	24.787	30.6274	29.7063
E	30.2647	26.8532	25.9967	21.9587	21.7407	19.0004	12.8786	15.5121	17.4614	22.1733	21.7442	27.4286	27.1624
Y	27.2417	24.1425	22.9745	19.008	18.7886	16.3922	10.8405	11.7297	12.8957	17.5724	18.4001	22.8428	23.9224
L	21.5451	18.5342	18.1214	14.2875	15.6034	12.1619	6.53477	7.92831	11.426	14.6627	13.0089	19.2016	18.546
Q	22.6964	19.1846	17.688	13.6194	12.6323	10.5924	5.75251	6.92153	6.67097	12.7016	14.2097	17.5756	19.9912
A	18.7908	15.2222	13.6714	9.60109	9.5146	6.6571	3.16722	3.80421	6.05675	10.1361	10.6969	14.9395	16.462
F	17.5873	14.3507	11.9204	8.64679	8.53405	6.63971	5.35579	3.04776	3.46477	5.98342	9.2303	11.0752	14.1146
T	17.4259	13.5548	11.3792	7.65878	5.69244	3.91982	4.01385	5.08104	2.70364	9.30091	11.1866	12.692	16.4254
Y	19.7528	15.976	13.1502	9.333	5.8791	6.32924	7.81986	8.80073	4.96453	11.4342	14.1454	13.3725	18.7481

