/	CYS	ILE	LEU	PRO	LEU	ALA	GLY	GLY	THR	SER	TYR	GLY	LYS	LEU	THR	PHE	
GLU	26.7036	23.8042	19.9642	19.7187	15.9852	15.808	12.262	11.0331	13.3229	16.3267	17.9329	20.7733	23.4364	24.8094	24.9586	27.9062	
GLU	25.1444	22.0487	18.2486	17.4415	13.6588	14.2869	11.1765	8.98387	11.5446	13.954	14.9491	17.8825	20.7669	22.447	23.0961	26.0689	
TYR	21.6171	18.5602	14.7963	14.0054	10.2898	11.3809	8.53983	6.30252	9.60726	11.4434	12.1795	14.692	17.7866	19.2319	20.0443	22.8114	
LEU	19.9491	16.62	13.0788	11.4439	7.8368	9.85538	8.20933	4.94547	7.83897	8.59085	8.61001	11.2712	14.449	16.265	17.5496	20.3998	
GLN	20.3212	17.1829	14.0163	12.0581	9.11317	12.1091	11.1189	8.1986	10.8967	10.5006	9.08392	11.1194	14.7043	16.6342	18.6014	21.081	
ALA	18.5538	15.2251	12.516	9.76653	7.5234	11.0166	11.2571	8.34356	10.0115	8.3577	5.91051	7.73687	11.2813	13.5288	15.903	18.399	
PHE	19.3098	16.3784	14.2241	11.54	10.2141	13.9813	14.4568	11.9122	13.6923	11.6432	8.57552	9.13549	12.6757	14.7419	17.6378	19.5829	
THR	22.3759	19.4013	17.5071	14.4512	13.3034	16.9918	17.5954	14.6659	15.9179	13.6852	10.243	11.0766	14.0838	16.6877	19.8729	21.8886	
TYR	25.5137	22.7623	21.0308	18.0814	17.0361	20.7539	21.2068	18.2465	19.6259	17.4825	14.022	14.6899	17.5252	20.0875	23.4216	25.2235	

