/	C	A	S	P	G	L	A	G	E	Y	E	Q	Y	F
L	25.7102	21.8941	20.9778	18.2335	19.0846	16.65	21.9702	24.1893	25.2847	26.2021	23.7344	26.6837	22.4854	24.7027
P	25.7473	21.8841	20.2237	17.3936	17.8877	14.8624	20.3223	22.8423	23.9642	23.8257	21.8732	25.6494	21.0187	24.9916
E	23.5146	19.7911	16.914	13.6286	12.6778	8.43578	14.0476	16.7872	17.5445	16.7475	15.9686	21.0962	15.363	21.7838
P	20.7993	16.9632	14.9177	12.0165	12.4093	10.0713	15.0465	17.5986	19.1099	18.8347	16.2876	20.0995	15.525	20.235
L	17.7424	13.7979	12.0076	9.3433	10.2665	9.43775	13.5503	15.9505	17.9116	17.7656	14.3266	17.5134	13.5508	17.2766
P	15.0198	11.2051	8.95187	6.37658	7.23524	6.23673	10.0419	12.5844	14.5477	14.1284	10.9506	14.5005	10.2474	14.876
Q	11.7696	8.10855	5.48641	3.56993	5.14252	6.02968	9.36545	10.4318	12.3562	14.5106	9.61165	11.333	7.92107	9.75391
G	13.0761	9.48989	6.13849	3.59491	4.20408	5.73354	8.04808	10.1084	12.7868	12.3639	7.52986	10.5117	7.05154	12.053
Q	14.5547	11.3517	7.47421	6.11676	5.95225	6.96179	8.82087	11.1342	13.706	10.1407	6.63936	11.4645	8.02358	13.5641
L	17.4	14.3372	10.567	9.36399	9.22438	9.57856	11.5627	14.1685	16.5313	13.9546	10.6906	14.9369	11.2837	17.1032
T	20.0563	16.9567	12.7981	10.8311	9.27221	7.3838	9.32314	12.2059	13.3183	10.3682	9.25964	15.3551	10.1915	18.0263
A	22.6884	19.9123	15.8091	14.4996	13.369	11.965	13.2684	16.4202	17.3604	13.5005	12.1067	18.4823	14.1922	21.3596
Y	26.2999	23.5824	19.4548	18.0675	16.7525	14.6164	15.7956	19.1894	19.1393	14.8156	14.6755	21.4681	17.2992	24.7769

