/	C	A	L	S	G	F	Y	N	T	D	K	L	I	F
L	25.3423	21.6329	17.9126	14.8611	12.3521	10.9595	7.02442	9.49571	8.76912	9.69004	14.0772	17.0652	19.1607	22.7693
P	26.5038	22.6382	19.4881	16.0136	13.0394	10.7226	6.9363	9.36543	10.01	10.9823	15.8683	18.4548	20.9249	24.4249
E	23.8669	19.9067	17.9763	14.2105	11.4428	8.0013	5.05273	8.12796	9.59165	10.2491	15.2039	17.4298	19.992	22.5445
P	22.7992	19.0827	15.9763	12.3321	9.3731	6.10224	3.65422	5.18884	6.09216	7.17261	11.768	14.2344	16.9005	20.4223
L	20.5375	17.022	14.2385	9.96721	7.75355	4.14202	3.20275	3.04769	5.43999	6.52663	10.3677	12.0588	14.9198	17.6339
P	19.0485	15.737	13.4269	8.88554	7.15741	3.47668	4.23877	3.35151	5.97217	7.52151	10.3864	11.1942	13.9974	15.7591
Q	12.7272	9.60399	6.93888	2.83253	3.1716	3.18685	3.58353	3.82139	5.79874	3.69749	5.30726	4.63653	7.26577	9.52852
G	17.9357	14.8709	13.3315	8.87053	7.91908	5.5717	6.67113	6.24414	8.56139	9.25504	11.4036	10.5357	13.7604	14.2811
Q	21.0061	18.0026	16.8269	12.4226	11.4157	8.4905	9.66679	8.43232	11.2975	12.6689	14.8565	13.722	17.2366	17.185
L	23.9688	20.8527	19.1629	14.6373	13.1177	9.37534	9.53013	8.67879	11.8417	13.6914	16.4682	16.5859	19.7142	20.3269
T	24.1155	20.8547	19.9282	15.7606	14.2478	10.67	11.5931	11.5169	14.364	15.3738	18.7877	17.7219	21.31	21.5926
A	28.547	25.3214	24.137	19.7922	18.1464	14.2248	14.8467	14.7508	17.7335	18.8451	22.3136	21.8224	25.227	25.5478
Y	31.7462	28.4269	27.335	23.0746	21.3101	17.307	16.3515	17.8251	20.88	21.4139	25.6741	25.2354	28.6447	29.0554

