/	C	A	V	Q	D	L	G	T	S	G	S	R	L	T	F
H	21.1532	18.0111	14.4159	11.7212	6.86339	5.91085	4.18355	6.12375	8.57923	11.9969	14.4461	12.098	16.3048	14.1693	18.6867
P	22.1518	18.8264	15.3402	12.0739	8.0348	4.73879	5.08557	6.85864	8.60556	11.323	13.9807	13.2785	17.0204	15.9883	20.3007
V	20.8015	17.1418	13.9302	10.5579	7.40331	3.87285	5.62548	6.23474	6.00131	8.5408	11.3639	11.8512	15.4358	15.5538	19.6745
G	19.4318	15.745	12.3126	9.17334	5.72911	2.80189	4.72521	4.12813	4.40723	5.6793	8.38047	9.66163	12.914	13.7282	17.7375
E	19.5837	16.1229	12.6085	9.5846	7.00622	5.4305	6.93507	4.8094	3.4553	2.91177	5.78459	8.1221	11.5662	13.8336	17.1617
A	17.2648	13.7073	10.9213	6.50967	7.18052	7.2503	8.86219	5.56986	4.88884	3.40577	3.72679	7.22304	10.2486	12.7316	15.3525
D	17.4933	14.2678	12.2689	7.51263	9.11154	10.1725	11.3437	7.43391	5.56482	3.26561	3.31225	6.07962	8.98811	12.4791	13.2356
Y	19.6838	16.6237	15.2948	9.38409	12.6347	13.0814	14.5791	10.8092	8.83084	6.94882	5.8388	10.0268	12.5067	15.9312	15.9589
F	20.0927	16.3666	13.8285	9.01495	9.35353	7.34624	10.5943	8.65711	8.5672	7.08773	6.58755	10.6653	13.6349	16.0795	18.5134
E	25.1554	22.0263	19.0781	14.1915	15.0268	14.426	15.9736	12.6921	9.93549	9.03041	9.92454	13.1061	16.588	19.7757	21.3977
Y	29.2606	25.7711	23.062	18.2388	17.6785	15.5256	17.5284	15.6989	13.3529	13.6137	14.2522	18.0642	21.5384	24.4483	26.5005

