/	C	A	S	S	A	R	S	G	E	L	F	F
H	26.1861	23.744	23.5428	20.2237	20.9622	20.1095	19.9352	18.6964	20.6417	19.4532	24.4282	23.0848
P	26.5759	23.8741	23.0021	19.3072	19.479	18.0462	18.2145	17.5455	19.5539	19.1392	24.0807	23.6728
V	24.2744	21.2868	20.038	16.2006	15.5548	13.6882	13.8481	13.6067	15.7895	16.4068	21.0002	21.7376
G	21.346	18.2582	16.8665	12.9552	12.8273	11.4214	12.0455	11.2313	13.4242	13.4203	18.2216	18.9386
E	18.4422	15.0965	13.9742	9.87854	10.5476	9.48781	10.9596	9.81236	12.0298	11.2694	16.084	17.0439
A	16.7524	13.2277	11.5275	7.2828	7.36331	6.42377	7.38313	6.14474	8.40194	8.77133	13.2227	14.8901
D	11.5526	7.85728	6.68104	2.83954	5.3646	4.59488	6.69311	6.48704	7.6125	5.84789	9.7108	11.6561
Y	12.272	8.6495	5.98575	2.79123	3.48087	3.36923	5.4953	5.99132	6.97504	7.75736	8.76228	12.0898
F	19.3019	15.5084	13.3517	9.16619	8.08077	5.73313	7.52469	7.40969	9.84314	11.4604	14.3905	17.6626
E	19.0157	15.1581	13.6402	9.77581	9.95711	5.77404	10.8644	11.5949	13.7923	13.8215	16.4828	19.9161
Y	24.9007	21.0229	18.9782	15.024	14.2827	8.16386	14.1513	15.208	17.8215	18.7403	20.8764	25.0688

