/	C	A	S	S	A	R	S	G	E	L	F	F
H	26.6274	23.9958	24.0305	20.1942	21.8813	20.5839	19.6105	19.2724	21.3587	19.8087	24.8033	23.2165
P	26.2817	23.5216	22.8515	18.7378	20.252	18.2551	17.6059	17.656	19.8893	18.8958	23.8592	23.1242
V	24.6278	21.6998	20.5205	16.3622	17.1878	14.2395	13.3966	13.8539	16.5087	16.6828	21.3488	21.7455
G	21.5682	18.515	17.1145	12.8724	14.0716	11.7485	11.5989	11.5231	13.9603	13.5457	18.2989	18.7665
E	18.5926	15.2816	14.218	9.80296	11.6271	9.86633	10.7804	10.3433	12.5695	11.4668	16.1296	16.7846
A	16.9277	13.3778	11.76	7.29034	8.64439	6.84674	7.26329	6.73701	8.99201	8.86068	13.2623	14.7815
D	11.9736	8.20327	7.13197	2.92167	5.76599	4.80168	6.70235	6.92402	7.80012	6.64621	10.08	11.8582
Y	11.6804	8.31049	5.79072	3.09669	2.90723	3.08956	5.99833	6.37047	7.11972	7.82404	8.41717	11.8171
F	19.3683	15.4772	13.3843	9.25052	9.36159	5.99183	7.21644	7.28742	10.1716	11.3416	14.2558	17.3814
E	18.5005	15.0162	13.781	9.89211	10.108	5.84441	11.5291	12.3267	14.1775	13.9888	16.2979	19.508
Y	24.452	20.8948	18.9422	15.1311	14.6452	8.67158	14.6085	15.7718	18.1569	18.8804	20.5213	24.8397

