/	C	S	A	R	D	G	T	G	N	G	Y	T	F
G	26.4018	22.5431	22.0682	14.4174	20.6866	22.4297	19.042	17.0637	16.4933	18.8821	15.3026	23.6895	22.9212
L	23.4402	19.5474	19.0067	11.3456	17.7109	19.4396	16.1601	14.0104	13.7795	15.9324	12.1125	20.4994	19.8148
C	21.1621	17.3573	16.005	8.47008	14.0213	16.0049	12.4981	10.6503	9.37806	12.1461	9.76366	17.7664	17.8287
T	17.4193	13.621	12.1309	4.61092	10.7795	13.043	10.1354	7.01168	7.40156	9.21861	6.03168	13.7647	14.1695
L	18.6091	14.9888	12.4886	5.96346	8.38705	10.6564	7.08706	5.73313	3.64392	6.7522	7.17525	13.2621	14.8205
V	15.7691	11.9967	9.15291	3.55411	6.05191	7.49614	4.17154	2.89844	2.93601	5.45194	6.36758	11.3986	13.6703
A	18.6822	15.0899	11.8323	6.89581	7.64157	7.18911	3.72927	4.90568	4.82826	7.55095	9.29626	13.5267	15.9992
M	15.6061	12.3404	9.0195	5.82939	4.65275	3.68867	2.95334	3.68489	5.91924	8.08263	10.3012	11.0859	14.6065
L	21.9862	18.7191	15.2545	11.6648	9.97418	6.94953	5.87677	8.08143	9.38062	12.0149	15.2056	16.1075	20.3392

