/	C	A	E	D	N	N	A	R	L	M	F	
G	22.9347	19.9335	16.1874	13.6947	11.9062	9.68036	12.1598	15.1072	17.4857	18.3948	21.55	
L	22.4377	19.1824	15.5325	12.4452	11.3353	8.5394	9.88992	13.3397	16.0127	17.663	20.9729	
C	20.0389	16.8612	13.3577	10.1848	10.2285	8.11649	8.3655	11.8508	14.0137	16.107	19.1642	
T	17.4104	13.9821	10.6994	7.14295	7.58905	5.58436	4.71192	8.17313	10.433	12.8764	16.0428	
L	18.1743	14.9558	12.1865	8.82205	10.5474	9.11984	6.91674	9.97722	11.6639	14.7204	17.4924	
V	19.9246	16.5875	14.3045	10.8539	12.54	10.7213	7.52947	10.2765	12.3387	15.8399	18.6825	
A	22.2332	19.1834	17.1872	14.0015	16.0865	14.4522	11.2995	13.8193	15.4466	19.06	21.5855	
M	25.4762	22.3773	20.5654	17.3148	19.1643	17.1863	13.8857	16.2472	18.1502	21.8622	24.453	
L	28.7215	25.7444	23.8739	20.6552	22.52	20.4477	17.3656	19.9157	21.7873	25.4807	28.019	

