/	C	A	V	T	T	D	S	W	G	K	L	Q	F
L	18.3499	15.3704	11.6694	8.89422	6.54164	8.57152	11.0802	12.6924	12.2134	13.7571	15.2581	14.3812	18.2506
G	20.1386	16.5199	13.5727	9.68665	6.12835	6.90337	9.09275	10.8325	11.2028	13.9392	15.5222	15.7388	19.5193
Y	19.8338	15.9666	13.6038	9.69014	5.98261	5.58804	6.53781	8.56301	9.80366	13.0727	14.6794	16.0249	19.4364
G	17.2684	13.6857	11.0536	7.20336	4.05788	3.20498	2.84536	5.24959	6.74932	9.90384	11.2033	13.06	15.9226
F	13.8163	10.044	8.26773	4.73863	4.48367	3.92474	3.71117	6.52374	7.45471	9.35083	8.50293	11.0843	13.3923
V	20.9268	17.2907	15.0441	11.0095	8.68335	7.10147	4.34262	7.87588	10.1768	13.5231	14.8188	17.0082	19.3569
N	23.2217	19.6246	17.9607	13.7468	12.1316	10.2499	6.57429	9.99425	12.8209	16.0955	17.2259	19.7076	21.434
Y	25.5652	22.231	20.3548	16.2851	15.3671	12.3461	8.94831	6.35732	13.2055	15.8336	17.5992	20.6552	21.4215
I	29.2329	25.8194	24.085	19.7837	18.4672	16.2781	12.3875	13.3704	18.3341	21.5225	22.8126	25.5049	26.6533

