/	C	A	S	R	P	G	L	A	G	G	R	P	E	Q	Y	F
L	27.2271	24.0541	22.0832	13.9153	19.0653	16.1978	15.1773	19.095	18.1402	16.9772	16.1659	13.9202	17.6818	19.2852	22.6001	23.1976
G	26.385	23.2265	20.5983	12.8833	16.6597	13.4594	12.2057	16.0104	15.4836	14.6102	14.8039	12.4152	16.3708	18.3805	21.6002	23.097
Y	23.9495	20.4633	16.8621	11.2046	11.2972	9.67126	8.73559	11.0764	8.02413	7.54794	7.7336	7.66421	11.5882	14.7516	15.6252	21.0308
G	20.1554	16.7526	13.9442	7.11176	9.8173	6.70746	6.56671	9.78007	9.95187	8.87701	9.92257	6.84417	10.4389	12.424	15.3995	17.7014
F	18.181	14.9456	11.9188	5.59142	8.16241	6.2362	6.6373	8.18227	6.39368	6.14142	6.9233	3.75951	7.30272	9.39137	12.5518	14.8527
V	21.3011	17.42	14.4393	10.3515	8.24933	5.15314	3.92525	5.76693	6.36161	8.13373	10.3456	8.50277	11.9823	14.4839	15.7664	20.1794
N	22.3581	18.506	15.2011	11.685	8.37454	6.48245	3.50615	5.40875	4.42815	6.64064	8.25093	9.27766	12.1383	15.1102	15.1835	20.6006
Y	19.0579	15.7953	13.3439	10.0438	6.62395	6.4659	3.55709	3.92133	5.69114	8.52295	11.2508	11.9763	14.2501	16.0734	16.0344	20.0813
I	25.614	22.2864	18.8056	15.7019	12.2932	11.2511	7.10174	7.83763	8.98347	11.2683	14.008	15.388	17.5877	20.2436	19.7675	25.1044

