/	C	A	S	S	L	S	F	G	T	E	A	F	F	
E	29.17	26.5341	24.4708	21.8845	21.5847	18.1705	15.5861	14.5203	17.4713	20.7788	22.8442	26.6087	28.8256	
L	26.861	24.1375	21.7585	19.0925	18.4526	14.922	12.6143	12.2058	15.095	18.6659	20.636	24.2816	26.6409	
A	24.7954	21.7648	19.1542	16.1408	15.2693	11.9782	10.1262	9.46517	11.8254	15.4503	17.7523	21.3178	23.9741	
G	21.2345	18.2569	15.9152	13.135	12.9885	9.75161	7.16034	5.92793	8.85528	12.3551	14.3435	18.0188	20.4617	
I	20.8225	17.4638	14.703	11.3471	10.5312	7.83864	6.65551	5.35745	6.62625	10.2601	12.866	16.2921	19.2346	
G	22.6848	19.1964	15.983	12.3468	10.3444	8.097	8.56103	8.379	8.3934	11.8432	14.6297	17.581	20.8623	
I	22.2448	19.0234	15.6443	12.3783	10.0987	7.14219	7.71139	9.08214	9.80746	13.4339	15.4755	18.2996	21.338	
L	21.0077	17.8172	14.1596	11.0326	7.95537	5.86762	8.16783	10.3673	10.102	13.2107	14.8291	17.015	20.1143	
T	21.706	18.8614	15.1643	12.664	9.39195	7.95079	10.5571	13.4405	13.1743	15.9296	16.9343	18.5844	21.4407	
V	24.9906	22.1036	18.3541	15.757	12.1571	11.3287	14.1288	16.6955	16.0652	18.6732	19.9677	21.355	24.3829	

