/	C	A	V	N	F	G	G	G	K	L	I	F
E	17.1888	14.5357	10.965	8.42576	7.2597	8.27126	10.1359	13.0585	11.8459	13.9725	14.3165	17.2428
L	18.9689	15.4954	12.8952	8.7219	9.16335	7.63715	8.98056	11.7787	12.5298	14.1443	15.647	18.7642
A	18.672	14.6512	12.576	7.40429	9.26497	6.08904	7.24257	9.52025	11.0984	12.7143	14.7935	18.0938
G	14.9919	10.9166	9.24119	4.04335	7.61223	4.65247	5.64633	7.69429	8.81205	8.68199	11.3176	13.9269
I	14.4422	10.2599	9.74384	6.16008	9.48889	6.47971	7.79534	9.72381	10.7703	9.05353	12.4278	14.1687
G	18.5304	14.409	13.677	9.02689	12.6771	9.4764	9.95367	11.7312	13.4	12.5224	15.8613	17.5119
I	20.5596	16.504	15.4329	10.2513	13.2208	9.3397	9.23281	10.3568	12.7564	13.7586	16.7149	18.2691
L	22.0056	18.5427	17.66	12.4245	15.9599	11.9342	11.4431	12.6035	15.0169	14.8186	18.7288	19.0063
T	24.3457	20.7389	19.7241	14.6049	18.0152	13.9618	12.819	13.3432	16.0038	16.9952	20.3167	21.2617
V	27.8501	24.2306	23.2807	18.1077	21.4118	17.3462	16.175	16.923	19.5683	20.5115	23.8997	24.7504

