/	C	A	S	S	L	S	F	G	T	E	A	F	F
A	27.5994	24.8139	22.9085	18.7538	19.3838	15.6367	10.3869	13.7676	15.6461	18.7882	21.0849	24.0055	24.5333
A	24.8952	21.9386	19.8585	15.6892	16.2424	12.581	7.39778	10.7014	12.5189	15.7334	18.1746	20.9444	22.3025
G	21.9632	18.7486	16.5964	12.3856	12.7056	9.14375	3.94869	8.02007	9.64559	12.9974	15.5925	17.9115	20.0163
I	18.0046	14.9875	13.0053	9.08003	10.1493	6.44922	3.70324	3.57512	5.46369	8.48402	10.6795	13.7765	14.8868
G	20.9729	17.595	14.493	10.5094	9.21356	5.39589	5.3516	6.91661	6.06993	10.0644	13.2776	14.1409	18.6736
I	18.9119	15.3651	12.624	8.86843	6.54565	3.56593	3.62576	7.36097	6.62241	10.8664	13.3399	13.6781	18.3463
L	17.1753	13.8919	10.7322	7.11421	3.55195	3.61828	5.80585	9.30073	6.80341	10.3025	12.4359	10.9498	16.2994
T	17.8836	15.1269	12.747	9.01833	5.58064	5.57875	7.34331	11.0094	9.69005	13.5113	15.4722	13.9569	18.5992
V	21.6804	19.0493	16.5656	12.7869	9.20505	9.09673	10.5415	14.5888	12.9192	16.7648	18.8788	17.2734	22.3785

