/	C	A	V	N	F	G	G	G	K	L	I	F	
A	23.0055	20.2818	16.5996	14.0655	12.3486	10.3019	12.593	16.1783	16.038	17.574	19.3141	22.2066	
A	22.9821	19.9014	16.4546	13.3809	12.1319	9.16275	10.3876	14.1273	14.8532	16.464	18.8674	21.9402	
G	20.9784	17.9014	14.773	11.7563	11.6173	8.6839	9.39206	12.8049	13.9667	14.8495	17.6289	20.4216	
I	18.3165	15.1125	12.427	9.37825	10.2479	7.56469	7.57384	10.3046	11.8037	12.0699	15.184	17.7901	
G	19.9318	16.9544	14.8294	12.1948	13.7427	11.2411	10.5751	12.7229	14.755	14.4921	17.7976	20.0141	
I	22.5943	19.3332	17.2751	14.1849	15.2518	12.1438	10.4805	12.6724	15.4047	15.7935	19.3804	21.9502	
L	23.7365	20.4552	18.9681	15.9697	17.3583	14.3822	11.9379	13.2332	16.4865	16.703	20.4651	22.8878	
T	26.7549	23.3863	22.0891	18.9771	20.1327	17.0147	14.0618	14.999	18.586	19.1309	22.9426	25.4651	
V	29.8529	26.616	25.316	22.2957	23.5071	20.3236	17.5662	18.6892	22.2314	22.6855	26.4911	28.9115	

