/	C	A	I	S	E	V	G	V	G	Q	P	Q	H	F	
E	31.5701	28.2298	26.4736	23.0137	22.2574	20.412	16.8014	13.5904	14.2949	17.8848	20.6398	23.3927	26.9673	29.7997	
L	29.1542	25.751	23.6813	20.1063	19.0104	16.9339	13.3076	10.38	11.7888	15.1776	18.3259	21.033	24.5478	27.5041	
A	26.9171	23.3405	21.109	17.4617	16.2524	14.6642	10.9245	7.92195	8.93253	12.0743	15.2078	18.2243	21.56	24.7247	
G	23.5163	19.983	18.0358	14.5381	13.9538	12.7872	9.30107	5.68287	5.65435	9.20882	12.0596	14.8918	18.3797	21.3703	
I	22.7135	18.9832	16.6726	13.0848	12.0517	11.5507	8.15441	5.34285	4.75481	7.16326	10.0874	13.4338	16.5019	19.8557	
G	23.8983	20.111	17.2806	13.6227	11.6252	11.106	7.86365	6.68098	7.28036	8.13316	11.2819	14.6801	17.2104	20.8302	
I	23.2156	19.5644	16.4734	12.7254	10.2142	8.59747	5.20075	5.17143	7.6607	8.37818	12.1155	14.8836	17.5117	20.9799	
L	21.2566	17.7157	14.2721	10.7287	7.50593	6.05172	4.11613	6.53305	8.86922	7.9738	11.4584	13.6693	15.748	19.1828	
T	21.5564	18.3514	14.726	11.6269	8.032	5.81898	5.83924	9.2205	11.9751	10.7576	13.973	15.4198	17.109	20.2431	
V	24.4318	21.3417	17.6127	14.7974	11.0503	9.37217	9.53175	12.69	15.3681	14.0119	17.0317	18.555	19.7962	22.9614	

