/	C	A	G	G	T	G	N	Q	F	Y	F
E	19.3081	16.0369	13.8401	10.3121	9.69933	10.9846	13.3264	14.6493	15.2324	14.9431	19.4546
L	20.4948	16.5495	14.1341	10.1666	8.58776	9.09924	11.1468	13.3546	14.2502	15.5491	20.19
A	19.1539	15.1816	12.8526	8.9601	7.10712	6.65002	8.75591	11.1524	12.0042	14.4086	18.7023
G	15.0776	11.1718	9.07031	5.66518	5.73965	4.77699	6.48664	8.30135	7.5042	12.0109	14.4551
I	14.3874	10.4326	9.49613	6.81196	7.79717	6.7179	8.54476	10.0928	7.82379	13.0154	14.8873
G	17.9386	14.1527	13.083	10.3093	10.6781	8.30033	10.4277	12.3806	10.1854	16.0851	17.2985
I	19.5568	16.124	14.5627	11.9549	10.6749	7.35259	9.39973	11.3846	10.5538	16.5719	17.149
L	20.0385	16.9472	16.235	14.2137	13.3833	9.43567	10.84	12.9999	11.2958	17.7269	16.9036
T	23.0942	19.9335	18.5573	16.2655	15.2888	10.904	10.6449	14.2563	13.803	19.9256	19.2007
V	26.6312	23.4698	22.1781	19.8444	18.7104	14.3645	13.9491	17.6622	17.3837	23.4829	23.045

