/	C	A	G	G	T	G	N	Q	F	Y	F
A	21.3433	17.7494	14.6585	10.7274	7.95869	8.25464	9.78621	12.3278	15.2817	13.6884	19.8508
A	20.4193	16.6248	13.8277	9.88334	8.56343	7.59283	7.9492	10.7151	13.0986	13.6476	19.1027
G	19.5606	15.7327	13.2508	9.69354	8.53075	7.40057	6.73489	9.39277	11.2684	13.3711	17.5868
I	15.1398	11.4017	8.73347	4.91315	4.58584	4.30077	4.77103	6.58273	6.77156	9.64268	13.4665
G	18.4665	14.6151	13.0891	10.0136	10.4908	10.0715	7.80533	10.8803	9.94899	15.0364	17.1592
I	19.8904	16.3208	15.0062	12.3889	12.5615	11.2457	7.51316	11.9073	10.6336	16.7661	17.0581
L	20.1392	16.9797	16.9555	15.2115	15.295	13.9477	9.71227	14.142	11.4511	18.0888	16.9421
T	23.7524	20.4736	19.8252	17.8211	17.7191	16.0297	11.3457	15.9171	14.4249	20.7608	20.2009
V	27.3585	24.1004	23.4702	21.4344	21.167	19.368	14.8607	19.4558	18.0983	24.4315	23.7775

