/	C	A	I	S	E	V	G	V	G	Q	P	Q	H	F
A	27.4057	24.4099	22.8207	18.5615	18.2528	17.4975	13.9643	9.59698	12.4802	14.7032	18.1372	18.2945	23.7567	23.9664
A	24.9535	21.906	19.8246	15.5584	15.2518	14.4721	10.9772	6.6567	9.40734	11.7707	15.0455	15.9686	20.6895	21.9409
G	22.5209	19.4394	17.0682	12.6565	12.0912	11.4018	7.84871	3.62628	6.57451	8.75144	12.5176	13.8132	18.0263	19.9012
I	19.1031	15.9048	13.679	9.76734	10.1298	10.4233	7.31532	3.76473	3.43331	5.25209	8.52161	10.211	13.9742	15.7054
G	21.6875	18.4944	15.1746	11.2275	9.8084	8.63169	6.77267	3.96746	5.75088	4.64702	9.15098	12.956	14.3024	18.5123
I	19.2069	15.7551	12.5501	8.37265	6.28288	4.78012	3.19982	2.91986	5.40659	3.56594	8.53552	11.7322	12.6361	17.4428
L	17.7345	14.2774	10.7828	7.5238	4.21337	3.98034	4.16172	4.936	7.67354	3.80395	7.40836	10.6919	9.84574	15.3695
T	18.5105	15.6098	12.3763	8.7514	5.96193	3.34846	4.81129	6.68105	9.74181	7.0618	11.453	14.2478	13.2855	17.9486
V	22.1689	19.4641	15.9076	12.5773	9.35903	6.63728	8.2943	10.1425	13.3319	10.6557	14.8545	17.7054	16.659	21.5517

