/	C	A	S	R	P	G	L	A	G	G	R	P	E	Q	Y	F
L	26.9357	23.7692	21.8933	13.7377	18.9824	16.3686	14.6623	18.9678	17.866	17.1772	17.4765	14.0504	17.5632	19.0704	22.3962	22.9695
L	25.9646	22.867	20.1946	12.484	16.3799	13.2212	11.4107	15.9151	15.1913	14.5228	15.4363	12.436	16.0645	18.0298	21.1105	22.8122
F	24.0751	20.6111	17.1379	11.0096	11.8015	9.27076	8.42839	11.1072	8.76134	8.26324	9.83735	8.33363	12.0296	15.0617	16.1199	21.2743
G	20.0358	16.6729	13.7854	6.99672	9.6555	6.6143	6.22402	9.77754	9.50198	8.95122	9.83937	6.91538	10.3976	12.3752	15.335	17.736
F	17.9283	14.7318	11.748	5.01666	7.97781	6.0123	6.09761	7.9835	6.05991	5.99413	6.8433	3.73909	7.20796	9.21238	12.418	14.7267
P	21.0102	17.2034	14.0923	9.85334	7.81169	4.64034	3.69413	5.433	6.14035	7.77169	10.0088	8.60694	11.7854	14.2225	15.3375	19.8895
V	21.0183	17.3652	13.7663	10.392	7.06644	5.44738	3.45337	4.32969	3.26979	5.16772	7.28221	8.04793	10.4865	13.4413	13.525	19.0716
Y	18.8506	15.8803	13.7587	10.2696	6.57985	6.42115	3.321	3.79049	5.76859	8.60274	11.2922	12.2722	14.3431	16.1896	16.0959	20.1398
V	25.3623	22.2814	19.0738	15.805	12.079	10.9669	6.74231	7.67696	8.96569	11.3414	14.0533	15.4809	17.6479	20.2901	19.5892	25.0395

