/	C	A	V	T	T	D	S	W	G	K	L	Q	F
L	18.4268	15.0987	11.4219	8.69101	6.41296	8.53023	11.1393	12.7395	12.0893	13.4028	15.0923	14.0617	17.9296
L	19.9762	16.3179	13.4832	9.53507	5.76456	6.63484	8.8693	10.4481	10.9954	13.5655	15.3537	15.4935	19.2557
F	19.7364	15.8234	13.4955	9.64131	5.77527	5.55469	6.88853	8.58716	9.84698	12.994	14.6415	15.9275	19.2743
G	17.4367	13.8167	11.2056	7.27661	3.93843	3.25832	2.91528	5.21948	6.80809	9.95364	11.3719	13.1638	15.9793
F	13.7412	9.93569	8.10564	4.45638	4.3875	3.57983	3.57542	6.27688	7.18645	9.03972	8.42509	10.8818	13.185
P	20.9278	17.3118	14.8053	10.7607	8.20478	6.25833	4.20152	7.13369	9.31219	12.7348	14.4519	16.5601	19.0681
V	21.9769	18.4879	17.1432	12.87	12.3166	10.3691	7.05107	10.0961	13.0079	16.0971	16.0991	18.8963	19.7929
Y	25.7102	22.451	20.3852	16.3397	15.4623	12.3493	8.98606	6.28761	13.1449	15.9018	17.5521	20.6644	21.4248
V	29.3491	25.9125	24.2057	19.8657	18.637	16.5352	12.6541	13.55	18.4862	21.7295	23.0354	25.5941	26.6152

