/	C	A	A	L	R	A	T	G	G	N	N	K	L	T	F
A	23.5466	22.283	18.5914	16.2689	9.85828	12.4805	8.73127	11.8222	12.779	15.3019	18.3528	17.5655	20.7219	17.4278	21.5212
D	21.4006	20.6343	17.0626	14.5276	8.77772	10.0873	6.26462	10.1153	11.6926	14.389	17.1223	17.0458	19.5598	16.442	20.5933
L	18.6867	16.7767	12.8783	10.4732	3.80533	7.00739	3.40297	6.27562	7.09983	9.6629	12.5757	11.6426	14.7393	11.5978	15.9192
I	20.7406	17.699	14.0994	9.99763	6.97117	4.43237	3.48146	5.77262	7.38305	10.0533	12.1336	13.8148	16.0436	14.2614	18.6741
A	19.2007	16.1059	12.8499	9.13241	6.67109	3.11055	3.77535	6.29761	8.6209	11.0567	12.4155	13.7184	15.1077	14.3225	18.2938
Y	18.4428	15.0882	11.6679	6.33036	5.88736	3.18499	4.36952	2.89269	3.83642	5.06819	5.67127	8.14321	11.2848	12.0063	16.1194
L	20.5795	16.6451	14.0083	8.7263	8.964	5.92403	8.14084	8.22354	9.22814	10.7461	9.42804	12.1164	14.4002	16.0744	19.6384
K	14.3392	10.4668	8.59807	3.29422	7.00862	7.06304	8.35313	5.94389	6.84348	6.35552	2.75513	6.21054	7.22095	10.2336	12.6169
Q	21.3639	17.4005	15.4706	9.61146	11.4753	10.2953	12.0403	9.83457	9.8336	11.0153	7.24059	11.9971	13.8404	17.1867	19.2543
A	22.5824	18.5328	17.2343	11.6708	14.2136	13.286	15.051	13.0288	12.9506	13.6633	9.30667	14.1195	15.2349	19.0538	20.9014
T	21.9912	18.2894	17.3991	12.2694	16.1909	16.0496	17.5784	14.7828	13.8601	13.6538	8.02711	13.2178	13.9093	18.3404	19.1031
K	26.1485	22.2961	21.4717	16.2401	19.6738	19.3206	20.9167	18.2813	17.4353	17.792	12.4741	17.6872	18.3409	22.7751	23.6546
G	27.0792	23.5443	23.6673	19.1533	22.8339	22.6664	24.2253	21.6269	20.7529	20.857	15.2364	20.3788	19.617	24.758	24.3856

