/	C	A	S	S	L	N	W	S	Q	D	T	Q	Y	F
A	31.8164	29.5562	30.6763	27.4149	30.4052	26.3128	21.5879	23.0129	24.2304	20.6918	26.2066	24.4273	30.7962	28.0085
D	30.6703	28.1976	28.9805	25.5714	28.3969	24.2417	19.8202	20.4952	21.9538	18.4866	24.0759	22.8673	29.0963	26.7311
L	25.7227	23.4773	24.7732	21.6222	24.8363	20.9736	16.0156	17.39	18.8621	15.3616	20.6693	18.4336	24.845	21.9615
I	26.2104	23.5994	23.5727	20.1009	22.1939	18.0951	13.5618	14.1381	15.8715	13.7202	18.9345	18.0251	24.2865	22.8338
A	25.8783	22.9648	22.4108	18.8167	20.2137	15.7703	12.3906	11.4531	13.7422	11.591	16.8934	17.3092	22.9412	22.1196
Y	19.8819	16.9331	17.0549	13.8998	15.7816	11.6446	6.37697	7.59578	9.94574	9.09448	13.99	12.113	18.5462	17.5925
L	22.2394	18.7452	17.6279	14.2183	14.2319	9.44517	6.9382	5.44503	8.50148	9.18969	13.5899	14.1374	19.3586	20.0273
K	14.8931	11.705	10.726	7.15523	9.53295	5.59012	3.02916	2.87558	4.17571	3.00145	6.9299	6.53494	11.9294	12.4004
Q	18.9077	14.9578	13.558	10.3267	9.06469	4.55199	3.18038	3.58964	6.19594	9.40137	11.8793	12.2382	16.0351	18.1852
A	19.561	15.6689	13.7467	10.6226	7.53228	3.5745	4.92745	3.60386	6.54251	10.0542	12.2169	13.6759	15.7244	19.3403
T	15.8594	12.1849	10.4694	7.23644	4.65478	3.24936	2.97653	4.91649	7.13615	10.1756	10.8747	11.6815	13.3574	16.9164
K	19.3344	16.4466	14.4252	10.8444	7.26753	6.38569	7.25648	8.3693	10.4555	13.7064	14.7186	16.2618	16.4622	20.9868
G	18.9264	16.1356	13.5179	9.92952	6.43816	8.29752	9.7159	11.2104	12.3939	15.3056	14.5626	16.7427	14.598	19.6401

