/	C	A	S	G	Q	G	N	F	D	I	Q	Y	F
F	27.5665	24.7892	23.6919	21.8712	20.2745	17.7673	14.1473	14.4537	14.7023	18.3077	19.8302	24.469	23.7247
L	27.3408	24.2785	22.6956	20.266	18.4349	15.9148	12.7397	13.9702	13.5066	17.2819	19.9218	23.131	23.9456
R	24.7153	21.3349	19.7106	16.5673	14.021	11.9667	9.85065	11.549	11.0163	14.6674	17.6493	18.9219	21.944
G	21.3337	18.0665	15.8799	13.2783	11.1316	8.96365	6.77657	8.28446	6.94369	10.5193	13.8407	15.9454	18.3318
R	20.1446	16.4758	14.6671	11.3371	9.57892	7.05028	5.18178	7.68736	7.89934	10.6579	13.5967	15.2335	18.4152
A	17.0476	13.3239	10.97	7.48566	5.45418	3.10351	2.63814	5.54529	4.39073	7.04432	10.2039	11.4594	15.1858
Y	15.6685	12.4264	8.92019	6.54414	3.64453	3.6453	4.82762	7.07604	2.85539	4.26071	6.91602	6.57646	12.7229
G	19.7663	15.888	13.2499	9.44323	7.11704	5.66088	6.23703	9.4625	9.36307	11.4213	13.7812	13.4526	19.0189
L	22.3692	18.5025	15.7676	12.1073	9.03029	9.08313	9.81757	13.0434	12.8638	14.8338	17.1083	15.7777	21.7486

