/	C	V	V	R	A	G	K	L	I	F	
F	24.4889	21.5799	17.8468	15.5132	11.8397	11.8243	15.5747	17.7294	19.4941	22.8807	
L	23.715	20.4898	16.9504	14.0124	10.5873	10.1511	13.5849	15.9749	18.3508	21.766	
R	21.6209	18.407	15.0846	11.9906	9.16564	9.60075	12.5782	14.3702	17.1597	20.2479	
G	18.8111	15.3826	12.3407	8.87535	6.65113	6.98755	9.29249	10.9281	14.0473	17.0434	
R	20.57	17.1194	14.631	11.0374	9.80185	9.86012	11.1558	12.6485	16.2071	18.8877	
A	18.4207	14.9505	13.1475	9.61444	9.70729	9.85579	9.82478	10.6275	14.396	16.626	
Y	20.9124	17.6663	16.3115	13.019	13.4239	13.6385	13.3635	13.9289	17.7072	19.5526	
G	24.5182	21.1791	19.7635	16.2985	16.2969	15.8688	15.6586	16.8259	20.6418	22.6832	
L	27.5282	24.3549	22.9835	19.6286	19.5744	19.3835	19.3824	20.4369	24.247	26.1648	

