/	C	A	M	R	G	D	S	S	Y	K	L	I	F
A	23.5242	19.958	16.6407	12.7725	10.1595	5.03869	8.95796	11.5286	14.6948	16.3466	18.3019	18.4258	22.2511
L	22.6051	18.9336	15.6435	10.2413	8.76583	3.91326	6.93983	9.1672	11.326	14.0845	16.1393	17.7446	21.3052
W	22.301	18.4677	15.7037	9.28268	9.07189	4.9812	7.11714	8.67787	7.8723	13.1806	15.2256	17.8636	21.2356
G	18.9541	15.2431	12.5043	5.60529	6.26816	3.01408	5.13223	6.15753	5.64434	9.96213	11.6529	14.6979	17.7526
P	16.6636	13.2756	10.3431	3.86496	4.93399	2.94357	3.99533	3.7686	3.53244	6.48947	8.51789	11.729	14.4468
D	20.5607	17.2413	14.3613	7.54593	8.56628	5.31857	6.16042	6.81819	2.42937	9.89838	11.9917	15.6626	17.6011
P	23.8881	20.503	17.8024	10.7569	11.9369	8.42477	9.48325	10.4037	6.11989	13.3422	15.5387	19.1974	21.361
A	25.2798	21.8832	19.711	11.9731	14.2115	11.3126	12.7429	13.3444	7.1875	15.6221	17.0986	21.2717	22.7508
A	27.196	24.059	22.0618	14.2833	17.0017	14.3107	15.0519	15.4382	9.00675	17.2841	18.8253	23.1831	24.0139
A	30.7085	27.5531	25.5443	17.752	20.3231	17.3329	18.0607	18.7375	12.5098	20.6808	22.3418	26.6702	27.4755

