/	C	A	S	S	L	W	E	K	L	A	K	N	I	Q	Y	F
A	29.1876	26.2993	25.5842	22.8667	20.5971	14.2396	19.798	21.114	17.9308	17.2667	19.5312	18.4359	22.6289	21.8381	26.9074	26.8406
L	25.9093	22.9755	22.1424	19.3818	17.2521	11.2695	16.7972	17.8778	14.6315	14.3786	16.549	15.3314	19.3052	18.659	23.4949	23.7837
W	23.9744	20.8221	18.9171	15.343	12.4545	4.57352	10.4187	12.4076	10.847	8.47365	11.5399	12.1652	15.4175	17.0261	18.7237	21.8813
G	21.2182	18.2089	16.932	13.866	11.7835	6.40029	11.3293	11.9773	8.77515	8.32958	10.5052	9.80795	13.4949	13.7063	17.8901	18.7845
P	17.7832	14.7426	13.8568	11.0505	9.51729	5.4568	9.83788	10.0186	6.64245	7.00287	9.12743	7.7429	11.0525	10.214	15.0203	15.3368
D	17.1063	13.9213	12.759	9.64276	8.18683	2.87199	8.3228	10.0542	6.68936	7.90717	10.5178	10.7908	11.9596	11.9583	14.716	16.9342
P	19.3493	16.0184	14.1244	10.5944	8.15895	2.92103	7.59329	10.0886	8.25039	8.60619	11.4648	12.5654	13.1692	14.3184	15.2034	19.0364
A	20.4168	17.0088	14.6483	11.0056	8.0616	2.9617	6.65778	9.33818	8.61877	8.01826	10.9472	12.4507	13.2611	14.9696	14.9979	19.7581
A	20.4693	17.5839	15.3156	11.2383	9.10482	5.34459	7.10727	10.6163	10.6663	10.2173	13.0823	14.6781	14.8683	16.8043	15.9312	21.2094
A	23.2918	20.5778	17.8832	13.9545	11.6753	8.85412	9.13257	13.5263	14.1252	13.4504	16.3359	18.0666	18.0221	20.1129	18.026	23.7493

