/	C	A	M	R	G	D	S	S	Y	K	L	I	F
A	24.3437	21.1834	17.5703	13.6784	10.3113	5.39754	8.43745	11.1091	14.5803	16.4018	18.6947	18.3949	22.6853
L	22.6683	19.2978	15.769	10.5749	8.44126	3.43476	6.29631	8.60087	11.1891	13.752	16.2997	17.1814	21.0995
W	21.7788	18.3477	15.3865	9.04443	8.34677	4.33779	6.32842	8.07244	7.84857	12.6965	15.3745	17.249	20.5135
G	18.6767	15.2757	12.217	5.74497	5.86151	3.1811	4.95545	6.19763	5.79042	10.047	11.9599	14.2688	17.1072
P	16.0691	12.8007	9.80694	3.63803	5.19616	2.68458	3.57515	3.78703	3.44344	6.79489	8.79326	11.2953	13.7541
D	19.6925	16.4633	13.9078	7.45283	8.28051	4.90662	5.49711	6.88655	2.82831	9.35163	12.033	14.8495	16.493
P	22.4549	19.1758	16.9108	9.82175	11.75	8.48664	8.94296	10.3807	4.7955	12.5067	14.878	17.9643	19.2487
A	23.1827	19.9323	17.8829	10.3478	13.5188	10.8104	11.4776	12.0535	5.70259	14.1482	15.8235	19.2265	20.271
A	25.6931	22.3846	20.5741	13.0597	16.2757	13.4094	13.7884	14.5184	8.26178	16.4394	18.3012	21.7195	22.4545
A	29.2687	25.9518	24.1588	16.6226	19.6199	16.5955	16.8377	17.9141	11.847	19.8415	21.8811	25.2696	25.9224

