/	C	A	V	G	A	P	S	G	A	G	S	Y	Q	L	T	F
R	19.5488	17.8183	14.3262	13.9585	12.2679	10.9144	13.8487	15.0423	16.1844	14.4948	16.4498	12.0051	16.4731	18.8756	16.1013	19.7417
F	20.1818	16.7486	13.5554	11.0047	9.62408	7.95137	11.2432	12.3783	12.5034	10.5085	12.4651	8.74532	14.3731	16.6058	15.1593	19.1245
P	19.6343	15.8924	13.1895	9.63213	9.05676	6.19469	10.6785	12.6003	12.5219	9.66561	11.7719	6.05893	12.7959	15.3981	15.1135	18.9075
L	14.3006	10.491	7.97914	4.23972	4.68042	3.71046	8.36621	10.8304	11.7283	8.58512	9.85994	3.00736	8.59181	10.4299	10.7913	13.9328
T	19.6118	15.7143	13.0881	9.14834	8.86127	6.56595	11.0501	13.3638	11.7045	8.34004	10.5196	4.15835	11.8422	14.4644	15.5666	18.9907
F	17.1004	13.6132	10.9351	7.68882	7.53418	7.0942	9.35044	12.7411	11.2027	6.82582	7.08761	3.46356	7.56189	9.93648	12.8295	15.3057
G	19.678	15.7726	13.7334	10.1328	10.6978	9.73285	13.3964	16.5912	15.042	10.765	12.0739	6.02617	12.5354	13.9986	16.688	19.7407
W	22.4285	18.4281	16.4519	12.7153	13.1202	11.4744	15.3385	17.9147	16.1046	12.201	13.9254	8.1881	14.9474	16.7704	19.3665	22.5114
C	23.6582	19.9905	18.1253	14.8965	15.1275	13.3487	16.794	19.4988	16.366	12.9797	14.026	10.2458	15.8233	17.302	20.6644	22.6955
F	27.61	23.8316	21.7517	18.2823	18.3207	16.4278	19.6014	21.7714	18.6314	15.5783	16.837	13.5731	19.084	21.2608	24.2635	26.7633

