/	C	A	S	S	P	T	S	G	I	Y	E	Q	Y	F
R	30.6526	27.6388	25.9969	22.4986	21.193	18.9152	19.6479	18.0669	19.6748	17.8391	20.9493	22.2608	26.8169	25.9798
F	27.5134	24.4643	22.6428	18.8402	16.9908	13.6662	14.0171	14.5985	16.6859	14.5882	17.6859	19.1024	23.5152	23.5396
P	25.5829	22.5495	20.3183	16.7225	15.0281	12.5957	13.4279	12.1201	13.7677	11.9928	15.1808	17.3247	21.2727	22.0194
L	21.2494	18.074	16.1007	13.2368	12.1271	10.4143	10.6727	8.84048	10.3997	7.79216	10.696	12.8653	16.5706	16.8254
T	23.0983	19.725	16.8309	13.3999	10.6999	7.2519	6.85785	6.77973	8.89167	8.82602	11.8548	15.2051	17.0537	20.2814
F	15.9532	12.459	9.33141	6.17484	3.32822	3.3663	3.30841	3.41395	3.76784	3.37887	5.59877	8.56933	9.928	13.9162
G	22.0647	18.6608	15.3925	12.3326	9.55669	7.12565	5.93038	3.51847	5.74645	6.6721	10.0067	13.5338	14.5651	19.0702
W	24.4146	20.9192	17.6822	14.307	11.5087	8.26516	6.81919	5.77166	7.92311	9.21107	12.593	16.1229	16.737	21.7467
C	22.7183	19.1051	15.6619	12.0635	8.77347	6.63412	4.007	3.49221	6.30165	8.9124	11.8798	15.1486	14.2036	20.5582
F	26.1883	22.7548	19.2585	15.7362	12.4559	9.78053	7.02234	7.79653	10.5924	13.1237	16.1556	19.4336	17.574	24.4178

