/	C	A	S	S	S	W	D	T	G	E	L	F	F
R	25.3927	22.9677	22.7508	19.219	19.2504	17.2031	17.1544	17.5696	17.9119	20.0564	18.5724	24.0113	22.5605
Y	24.3327	21.3145	20.1018	16.171	16.1693	14.0153	14.6353	14.7398	14.7761	16.9554	16.6695	21.7689	21.9547
P	22.6438	19.3266	17.9035	13.8959	13.4007	11.421	11.8428	12.4196	12.4395	14.7321	15.0263	19.7953	20.7426
L	18.1392	15.1497	13.7208	9.96633	10.2611	8.28878	9.07123	8.38596	8.14953	10.1604	9.84392	14.9106	15.4377
T	18.7123	15.2971	13.4469	9.616	7.55603	4.51431	6.70125	8.13065	8.30158	10.8011	12.3966	15.5034	18.4547
F	13.9592	10.6217	8.0662	4.157	3.87959	3.44534	3.86299	4.46773	3.29477	5.63268	6.14224	10.1214	12.2268
G	19.6076	16.0608	12.8984	9.56526	6.2738	2.74522	3.85105	5.58776	6.84436	9.54489	12.5311	13.634	18.3535
W	21.3898	17.8524	14.8731	11.2769	8.36068	4.34956	5.99418	8.07345	9.45652	12.1463	14.9154	15.9515	20.6576
C	19.4043	16.5598	13.8586	9.9462	7.78988	3.60732	6.40045	9.16454	10.6722	13.0391	15.6541	15.3684	19.9613
F	23.1489	20.1626	17.3482	13.4127	11.2302	6.18485	9.5194	12.1251	13.8483	16.3153	19.0553	18.4912	23.419

