/	C	A	V	R	M	D	S	S	Y	K	L	I	F
R	20.0471	17.334	13.8583	11.1694	7.84865	6.48201	3.89857	6.97698	10.3289	10.8739	15.1735	11.9721	17.8046
Y	21.4934	17.9017	14.5116	10.6404	7.94662	4.37853	5.75303	7.11792	6.82449	12.2892	15.1085	14.67	19.5748
P	21.16	17.3788	14.2977	9.40985	8.04064	5.10167	7.26591	7.69672	4.71103	11.5762	14.1958	15.3745	19.5904
L	15.6587	11.9076	8.94221	3.7917	3.74361	3.21806	4.53962	3.81842	3.50871	7.18764	8.57935	10.9838	14.3393
T	20.5155	16.7401	14.1269	8.26428	9.01965	7.53609	9.39689	8.33338	2.87543	10.6867	12.7624	15.7999	18.6361
F	15.3908	11.7695	9.70885	3.4745	7.09582	8.14493	9.26537	5.94628	3.62628	7.039	7.27025	11.2549	12.8952
G	21.3041	17.5181	16.1397	9.80336	12.9356	12.5158	14.4313	12.3977	8.07947	13.9539	13.8569	18.1239	19.7059
W	23.7269	19.7414	17.5899	11.9627	12.5608	10.1017	12.3293	12.5578	7.06628	15.2319	16.2921	19.8174	22.1123
C	25.7299	22.0611	20.5534	14.1218	16.9351	15.9834	17.8699	16.0457	10.2561	17.2731	18.0027	22.1638	23.1241
F	28.9658	25.3722	23.9302	17.3639	20.304	19.2113	20.9968	19.3049	13.1832	20.3346	21.2218	25.3984	26.4711

