/	C	A	S	S	S	W	D	T	G	E	L	F	F
R	27.0588	24.3949	23.5906	19.5493	19.2297	17.322	16.6528	17.2873	18.1561	20.1477	19.6918	24.7985	24.1345
Y	24.5118	21.4796	20.381	16.3256	16.3066	14.1932	14.2319	14.5633	15.1834	17.2186	17.0897	22.0039	22.273
P	22.5772	19.2515	17.9659	13.859	13.43	11.5845	11.3569	12.1918	12.6744	14.8467	15.2501	19.8614	20.8911
L	18.1595	15.2548	13.8169	9.91863	10.2291	8.45522	8.49458	7.94789	8.42522	10.2781	10.1202	14.9735	15.5563
T	18.8551	15.4254	13.6137	9.70284	7.74781	4.76947	6.46035	8.26003	8.33297	10.8486	12.5018	15.2526	18.4515
L	15.1516	11.7372	9.03354	5.21993	3.69662	3.68403	3.51152	3.96988	3.47301	5.87158	7.72882	10.4991	13.608
G	19.5225	15.979	12.928	9.42853	6.29333	2.92025	3.64922	5.50194	6.56931	9.28269	12.3886	13.2249	18.1341
W	21.3822	17.7922	14.9244	11.1776	8.44534	4.55812	6.07973	8.10614	9.25929	11.9553	14.8078	15.5664	20.5381
C	19.7078	16.7475	13.8679	9.85233	7.96352	3.63571	6.47899	9.31205	10.4086	12.7275	15.4557	14.7454	19.7764
F	22.9486	20.0758	17.2224	13.2846	11.4022	6.23427	9.62448	12.2487	13.6139	16.0334	18.873	17.4953	22.9109

