/	C	A	S	S	G	A	S	H	E	Q	Y	F
R	23.3221	20.4972	20.0576	16.9298	16.89	18.1603	15.3182	11.2621	17.791	16.8056	22.0375	21.047
F	21.8191	18.2857	16.8769	13.4372	12.5886	14.4184	11.9547	8.8602	15.6423	15.4431	19.1456	21.0245
P	20.2727	16.7238	15.2133	11.6954	11.0622	12.5934	9.75882	5.91731	12.9786	13.3514	17.2737	19.1794
L	15.8827	12.6792	11.7701	8.19343	7.25028	8.62274	5.79068	2.50498	9.29469	8.95611	13.4496	14.5751
T	17.9323	14.2483	11.8924	8.13362	6.41861	8.02948	6.39986	4.4209	10.4375	11.4352	12.9776	17.5226
F	12.4615	8.98071	6.91175	3.82475	3.47133	5.44359	3.81283	3.14889	6.40031	5.54073	9.54922	11.6933
G	14.9362	11.5663	8.46386	4.55362	3.23852	3.52143	5.11284	5.564	8.31932	9.70606	8.49018	14.624
W	17.3437	13.958	10.7961	6.93304	4.0755	4.39082	3.21424	3.80625	7.53082	10.7108	9.90358	16.2535
C	16.753	14.3342	11.0586	8.13602	6.47142	6.24309	7.48036	9.5368	10.7255	13.8386	10.8146	17.1302
F	21.5645	18.92	15.7043	12.2365	9.85531	9.26106	10.57	12.9962	13.4873	17.4128	13.4116	21.1544

