/	W	G	T	Y	N	Q	G	G	K	L	I	F
R	13.4821	14.2381	10.3982	7.80513	4.51386	6.20244	5.00716	7.11402	9.36067	12.4773	10.1649	15.3805
F	17.2638	15.9942	12.6239	9.17462	8.13734	8.95474	6.70706	7.5098	10.171	13.161	13.0353	18.147
P	17.1515	14.9257	11.9746	8.8294	9.49193	10.2849	7.78312	7.81255	9.96496	12.4691	13.3123	17.7939
L	12.286	10.0924	6.96737	3.96187	5.32325	6.78659	4.58308	3.39919	5.11736	7.40983	8.61748	12.8068
T	17.9629	14.9173	12.4605	9.00581	11.299	12.0329	9.23002	8.48848	10.4384	12.4342	14.2328	18.0482
F	13.8552	10.7956	8.86878	4.41293	8.7325	10.0129	7.49211	5.35039	6.98318	7.76481	10.3572	13.1903
G	18.9859	16.187	14.817	9.38291	14.8035	16.0981	13.196	10.9246	12.8951	13.6381	16.4261	17.848
W	17.0156	13.4659	12.3946	8.79968	12.4733	14.3089	12.3279	11.505	12.9715	13.2675	15.4945	17.7455
C	22.8787	19.9485	19.1616	13.7786	19.4421	21.0409	18.1494	16.2021	18.0939	18.0937	21.2336	22.0539
F	26.3493	23.3914	22.6877	17.351	22.588	23.6159	20.4472	19.6326	21.4982	21.6557	24.8246	25.5355

