/	W	G	T	Y	N	Q	G	G	K	L	I	F
R	17.1266	16.9095	13.2731	10.0491	7.25817	3.6613	5.79051	8.33564	10.339	13.4123	11.324	17.1506
F	18.8095	16.5033	13.2011	9.84869	7.3092	5.10183	7.16276	7.75746	10.4538	13.4146	14.2872	18.6444
P	18.8848	15.7301	12.9146	9.28958	7.9846	6.97406	8.32536	8.06307	10.5528	13.1232	15.098	18.5955
L	13.9326	10.6477	7.6371	3.94679	3.87477	5.16945	4.45101	3.78335	5.99044	7.89654	9.8631	13.1686
T	19.2833	15.4883	13.1839	9.22132	9.42707	9.16055	9.05923	8.27539	10.6702	12.7015	15.2782	17.9863
F	14.201	10.8868	9.38865	3.66626	7.96935	9.4487	7.32053	5.44671	7.27472	7.32233	10.7052	12.0014
G	20.1733	16.7915	15.5352	9.58525	13.7581	14.2337	12.2701	11.2354	13.1782	13.5412	16.9608	17.7609
W	18.1441	14.2111	13.1781	9.00308	11.3649	12.12	12.6506	11.2922	13.3249	12.6562	16.1508	17.7395
C	24.2271	20.6978	19.8054	14.0901	17.9193	18.1262	16.3843	15.7312	17.6897	18.0565	21.6608	22.0983
F	27.7915	24.2862	23.4527	17.6918	21.3906	20.9661	20.2102	19.4449	21.5717	21.6864	25.3623	25.7479

