/	C	A	S	S	G	A	S	H	E	Q	Y	F
R	24.5747	21.9318	22.0797	18.7556	17.9336	16.5971	17.7463	12.5754	19.2589	17.1236	23.6523	22.4775
F	23.0346	19.7068	18.725	15.3118	14.6724	13.8484	14.909	9.44094	16.0634	15.115	20.686	21.3728
P	21.4628	17.8458	16.46	12.8378	11.839	10.8605	12.3412	6.71429	13.6965	13.7	18.6049	20.0182
L	17.1459	13.8548	12.6894	9.36637	8.41328	7.17179	8.7744	3.30825	10.2515	8.93492	14.4975	15.0676
T	18.4504	14.7424	12.5687	8.91943	7.24462	6.5805	8.54273	4.1763	10.7978	12.0415	15.2853	18.0778
F	12.6156	8.98809	6.84166	3.57345	4.01448	4.15151	5.8957	2.73597	5.9764	5.6727	9.27921	11.74
G	15.8626	12.3438	9.67779	5.60373	4.16307	3.18948	6.12878	4.92569	9.26271	10.9508	12.0613	15.9308
W	18.4274	14.8573	11.9713	7.80958	5.37917	2.85428	4.99645	3.47663	8.32277	11.4356	12.6463	17.1802
C	18.3462	15.4172	12.8954	8.89904	7.65461	5.49792	8.68754	8.44758	12.7637	15.0131	15.182	19.2361
F	22.7596	19.7653	16.8001	12.8832	10.8881	8.49216	11.8117	12.0843	16.1192	18.6312	17.3595	22.5147

