/	C	A	S	S	Q	I	R	E	T	Q	Y	F	
G	31.8906	30.9014	31.4101	30.2733	29.7052	25.9871	24.0422	27.4142	29.297	29.308	32.7191	33.2686	
E	30.0099	28.6853	29.0706	27.6614	27.0138	23.3721	21.0874	24.3055	26.1888	26.5092	30.0296	30.8462	
L	27.1901	25.6655	25.7694	24.2373	23.4236	19.7268	17.6286	21.0031	23.1245	23.4773	27.0494	28.0518	
I	27.83	25.8906	25.4447	23.4513	22.0766	18.3722	16.3923	19.8049	22.4207	23.2496	26.9415	28.4026	
G	25.4205	23.1391	22.4505	20.1752	18.6667	15.0731	12.8621	16.164	18.8983	20.0213	23.7651	25.525	
I	24.236	21.7235	20.4973	17.9856	16.0072	12.409	10.823	14.2571	17.4554	18.6909	22.3659	24.3962	
L	23.8949	20.9712	19.2356	16.2437	13.7521	10.5538	9.07141	12.0481	15.5909	17.3825	20.9831	23.4745	
N	21.4916	18.5216	16.3923	13.4156	10.6643	7.48669	7.24264	10.2547	13.9654	15.4467	18.8007	21.3247	
A	23.1312	20.1222	17.4597	14.4178	11.1158	8.7559	9.77521	12.0877	15.8744	17.41	20.389	23.0712	
A	22.5892	19.2917	16.2321	12.8664	9.19819	8.12076	9.49904	10.6176	14.288	16.2071	18.8383	21.8733	
K	22.1258	18.9875	15.5698	12.5846	8.98441	8.98275	11.5218	12.1457	15.3732	16.7956	18.82	21.7306	
V	25.2634	22.0796	18.5027	15.5104	11.946	12.5463	14.8522	14.9612	18.0218	19.7481	21.4814	24.5565	
P	25.0064	21.8402	18.1169	15.3619	12.1837	13.8596	16.3549	15.656	18.1124	19.739	20.8503	23.9541	
A	24.618	21.8201	18.0761	15.9807	13.2834	15.1513	18.207	17.6319	19.7768	20.7593	21.4221	24.1508	
D	27.4529	24.8753	21.1656	19.4018	16.9555	18.9339	22.0523	21.3909	23.3506	24.2098	24.5397	27.1166	

