/	C	A	V	D	R	G	S	T	L	G	R	L	Y	F
G	22.4097	20.6978	16.2119	16.0829	7.05299	12.4177	8.54916	11.0308	14.5251	17.7982	12.8758	18.4618	12.28	19.5457
E	19.3187	18.552	14.0405	14.1051	6.47032	10.2012	6.87026	10.257	13.3131	16.6652	13.1739	17.8354	12.0691	18.8754
L	18.779	16.5488	12.2035	11.1674	3.85419	6.7719	3.40928	5.73086	8.80668	12.1234	8.4746	14.0657	7.87216	15.8211
I	20.1726	17.0887	13.2614	10.3448	7.43765	4.99942	3.07857	5.72324	8.0521	11.5001	11.6293	14.8447	10.4211	17.8673
G	19.1831	16.0191	12.4321	8.87134	6.75724	3.45039	3.69597	5.9656	8.06729	11.0282	12.395	14.5631	11.2042	17.6386
I	18.3514	14.7513	11.6313	7.5569	6.14999	2.88522	4.30059	5.1023	4.05978	7.27891	9.72905	12.3158	10.6844	17.0672
L	19.0727	15.3193	12.905	8.7838	8.41366	5.31641	7.50095	8.34287	5.60247	9.46449	12.1041	13.7901	13.9295	19.1456
N	18.5778	14.7748	12.6586	8.10819	8.98515	7.06878	9.2632	8.24915	3.80363	7.37398	10.0049	11.9612	13.8222	17.4614
A	22.5823	18.8644	16.2922	11.5238	12.0368	10.2919	12.0487	10.8536	5.78307	10.0817	12.8913	15.6215	16.7036	20.6802
A	23.7182	20.0047	17.9882	13.0649	14.5722	13.1375	15.1738	13.6326	8.75473	12.3014	14.8584	16.8899	19.177	21.9382
K	23.5461	20.339	18.4613	13.2225	16.4554	15.8897	17.1902	14.3773	9.64967	11.1145	13.291	16.1026	19.1695	19.9936
V	27.9068	24.3557	22.8436	17.4996	20.2269	19.2028	20.946	18.8966	13.7094	16.7292	18.9911	21.0289	24.214	25.5328
P	29.5577	26.1206	25.0696	19.6929	23.0812	22.2817	24.1576	21.8462	17.0341	19.5494	21.5484	23.0067	26.9068	27.2967
A	30.4561	27.2474	26.3371	20.8855	24.773	24.3506	25.891	23.2267	18.4834	20.263	22.2355	23.8522	27.7473	27.4788
D	33.6433	30.5411	29.5865	24.1239	27.9622	27.5347	28.8498	26.2159	21.2301	23.0136	25.0395	26.8461	30.7339	30.4094

