/	C	A	S	S	F	L	G	T	G	V	E	Q	Y	F
A	53.39	56.627	60.17	63.5935	67.1578	69.049	69.7249	70.5985	68.5985	65.5856	64.083	58.6753	59.2543	54.6625
L	48.9184	52.1798	55.765	59.1925	62.7884	64.624	65.5287	66.5674	64.6356	61.5761	59.9957	54.4946	54.9736	50.539
G	50.4697	53.5153	57.0355	60.3053	63.8227	65.4339	65.7277	66.7117	64.9089	62.0014	60.8249	55.1849	56.38	51.5619
I	50.8782	53.8034	57.2297	60.4266	63.8645	65.4722	65.361	66.1452	64.3114	61.5062	60.5267	54.984	56.4887	51.4262
G	51.4348	54.3298	57.7988	60.9487	64.407	65.8436	65.8161	66.8181	65.1341	62.3272	61.3934	55.6694	57.2767	52.308
I	47.5735	50.4606	53.9638	57.0951	60.5771	61.9235	62.0893	63.2744	61.6817	58.8399	57.8633	52.0233	53.6004	48.7751
L	47.7494	50.5154	53.9945	57.0129	60.4592	61.595	61.3752	62.5186	61.0389	58.3334	57.6528	51.7848	53.848	48.8327
T	43.9088	46.597	50.0538	53.0129	56.4384	57.4675	57.6034	59.037	57.6874	54.9189	54.1249	48.1144	50.0317	45.3127
V	47.4259	49.9417	53.3308	56.1241	59.3991	59.8842	60.2358	61.8435	60.6607	58.0515	57.4554	51.366	53.5625	48.9362

