/	CYS	ALA	VAL	SER	GLY	GLY	GLY	ALA	ASP	GLY	LEU	THR	PHE	
ALA	57.9197	59.6866	62.3907	64.4974	63.3118	66.7877	65.1835	65.549	64.6534	61.0841	60.1195	58.0902	55.7795	
LEU	56.2543	57.8524	60.4167	62.4016	61.0424	64.4557	62.724	63.115	62.3883	58.8057	57.9868	55.9531	53.8168	
GLY	55.593	57.192	59.616	61.6431	60.1574	63.5798	61.874	62.4797	61.8322	58.1806	57.3279	55.1125	53.087	
ILE	54.2629	55.795	58.0521	60.0627	58.4282	61.8253	60.1069	60.8877	60.3556	56.6606	55.8311	53.4831	51.613	
GLY	55.4832	56.8145	58.8808	60.7312	58.8822	62.1717	60.293	61.1048	60.8079	57.1263	56.493	54.1522	52.52	
ILE	54.2242	55.3864	57.4536	59.1398	57.2539	60.4696	58.4444	59.065	58.8513	55.2309	54.7738	52.6164	51.0479	
LEU	52.3694	53.364	55.2459	56.8185	54.766	57.9015	55.7938	56.4965	56.4481	52.8316	52.4951	50.3093	48.9501	
THR	51.4347	52.1703	53.9034	55.2508	53.0447	56.0414	53.7509	54.3558	54.5151	50.969	50.8773	48.8298	47.6912	
VAL	54.2467	54.7989	56.3639	57.5363	55.1619	58.0161	55.5701	56.1497	56.5414	53.0622	53.1792	51.1987	50.2777	

