/	C	A	V	T	T	D	S	W	G	K	L	Q	F
L	17.5381	15.0914	11.429	8.71152	6.39948	8.48367	11.0701	12.6886	12.0034	13.3603	15.2037	13.8232	17.8502
L	19.8011	16.4672	13.6276	9.7242	5.92789	6.72875	8.8241	10.4359	11.0192	13.6721	15.3563	15.5353	19.3952
F	20.3481	16.5007	13.8456	10.0426	6.073	5.60402	6.94038	8.66367	9.83197	13.0336	14.4912	16.1443	19.6163
G	17.8778	14.1561	11.4843	7.5756	4.30801	3.32522	2.80613	5.16707	6.81456	10.0653	10.7379	13.5277	16.1984
Y	13.0214	9.22107	7.33898	3.48626	4.64317	3.70621	3.2939	5.91275	6.95802	8.28112	6.69932	9.88583	12.0185
P	21.4511	17.7515	15.1161	11.0076	8.45286	6.28721	3.89699	6.93679	9.19446	12.7144	13.8315	16.9008	19.2782
V	23.0412	19.3695	17.8518	13.8406	12.5311	10.4929	6.36664	10.0472	13.0043	16.4024	15.411	19.7264	20.5944
Y	26.1146	22.8897	20.5385	16.237	15.6262	12.3249	8.64768	6.43995	13.0563	15.8268	17.1068	20.9423	21.557
V	30.1818	26.5991	24.6867	20.5687	18.9014	16.5434	12.2162	13.5157	18.477	21.7953	21.9659	26.1361	27.0759

