/	CYS	ALA	SER	ARG	PRO	GLY	LEU	MET	SER	ALA	GLN	PRO	GLU	GLN	TYR	PHE	
LEU	30.6368	27.2161	25.4848	22.0337	21.3935	18.6099	18.207	21.2939	19.9803	16.9698	18.9012	17.1316	20.4617	22.4118	26.1857	28.887	
LEU	28.8072	25.3452	23.2227	19.6228	18.5047	15.6035	14.7537	17.805	16.736	14.0102	16.4216	15.0962	18.6676	20.6182	24.3404	27.2038	
PHE	27.014	23.3996	20.9772	17.2378	15.8099	13.3619	12.3975	14.9974	13.4451	10.4851	12.9787	12.1389	15.8647	18.2026	21.7969	24.9392	
GLY	23.2498	19.6572	17.3376	13.6593	12.6072	10.1154	9.95465	12.8183	11.3338	8.51199	10.548	9.07392	12.6854	14.6671	18.3216	21.3328	
TYR	22.1549	18.5233	15.6623	11.8449	9.9463	7.91964	7.12813	9.37826	7.65021	5.00279	7.80138	7.56634	11.2808	13.4604	16.7899	20.0749	
PRO	24.0521	20.6095	17.4399	13.7169	11.0322	8.67095	6.1844	8.33068	7.76444	6.56255	10.1696	10.8206	14.3343	16.2161	19.2814	22.5085	
VAL	23.5958	20.3108	16.7814	13.3042	9.90135	8.43153	5.15301	5.52447	5.57751	6.22202	9.8145	11.5712	14.5849	16.3209	18.8284	22.0971	
TYR	25.0263	22.0708	18.4363	15.354	11.7116	10.3453	6.64418	6.09596	7.89997	9.71751	13.0212	14.9731	17.6467	18.948	21.0928	24.1365	
VAL	28.332	25.3912	21.6749	18.6551	14.9049	13.9556	10.329	9.13657	10.3483	12.0001	15.2949	17.7361	20.4277	22.047	24.0133	27.182	

