/	C	A	M	R	D	L	R	D	N	F	N	K	F	Y	F
K	23.776	21.6015	16.3583	15.9183	14.1116	8.93161	13.2785	15.8513	14.658	12.562	19.1099	20.7469	22.9722	19.2988	25.0249
R	24.4417	21.3917	17.407	15.3425	13.6537	7.97739	13.4846	15.0828	10.8172	10.6472	17.333	19.9298	21.8695	19.6842	25.253
W	22.2836	19.2164	16.7715	14.0078	12.7369	7.8706	13.1327	14.2465	10.6529	8.7003	15.3719	18.2827	19.0057	18.8508	23.7839
I	19.3219	16.0038	13.2047	9.88297	8.0033	3.84089	8.62315	9.29272	6.32188	3.86852	10.3197	13.2171	15.2561	14.04	19.4667
I	18.1037	14.225	12.5843	8.49206	9.60602	7.73731	11.659	11.8225	8.69466	4.97134	11.2929	13.4413	13.3056	14.935	18.0158
L	12.9728	9.09525	7.22581	3.9425	6.07681	6.74744	9.56887	9.5427	6.89504	3.61355	7.57933	8.20697	7.73902	10.2179	12.299
G	17.4599	13.6954	12.3782	6.43764	11.0149	10.3185	13.4912	12.4661	8.98297	6.69459	10.9265	12.7468	11.0117	15.2568	16.2759
L	20.2597	16.5123	15.1635	8.83205	13.2061	11.4226	15.3467	14.1146	10.5408	8.39506	12.9342	15.2563	13.523	17.7857	18.8947
N	20.5252	17.1617	15.3556	7.75375	13.3847	12.6095	15.7502	12.6475	9.33688	9.00294	11.3608	13.5319	12.232	17.1717	17.5997
K	25.2909	21.8063	20.3476	13.0239	18.0598	16.0813	20.0433	17.517	13.8496	13.2953	16.626	18.9872	17.3712	22.5194	22.8375

