/	C	A	S	R	E	G	L	G	G	T	E	A	F	F
K	32.5592	29.145	27.6409	21.9408	21.4551	21.5615	19.5722	17.8306	19.8122	19.0557	23.4785	24.9346	28.222	28.0913
R	30.2888	26.9719	24.8764	19.58	18.4296	18.0797	15.3978	14.7234	16.7074	16.4563	20.6222	22.735	25.7255	26.3514
W	26.6864	23.3995	20.2294	16.7974	12.293	14.9031	13.6045	10.7075	12.6897	11.2366	14.2404	17.7456	19.6902	22.9412
I	22.9952	19.736	17.848	12.2058	12.0625	11.4169	9.35949	7.62289	9.7448	10.0766	14.1737	16.1215	19.0207	19.5886
I	21.2918	18.0884	15.321	11.0312	8.61692	9.73668	8.53915	5.14247	7.28337	6.68003	10.7341	12.996	16.0578	17.4111
L	16.6938	13.293	11.5905	7.26409	5.85521	7.85988	6.10383	3.36855	4.4775	3.62544	7.70222	8.55681	11.8713	12.0989
G	18.0514	14.8482	11.5348	8.46137	3.76646	7.21036	7.05039	2.62117	4.30958	4.10228	6.45084	9.21935	11.3769	14.7284
L	19.8402	16.475	13.2864	10.2873	5.43678	7.97501	8.39641	4.76749	5.96787	6.55186	7.80732	11.4388	13.2556	17.0219
N	16.4074	12.7922	9.87007	6.39936	3.36135	3.41578	4.81618	4.64972	4.34172	6.374	6.3315	10.1029	11.5372	15.1152
K	19.6223	16.6765	13.3852	9.84408	6.45117	8.19136	10.0226	9.52627	9.39089	10.5828	7.38867	13.7989	13.0266	18.6157

