/	C	A	S	R	E	G	L	G	G	T	E	A	F	F
K	33.0555	29.6676	28.2153	22.2547	21.9051	21.8879	19.9345	18.1544	20.1037	19.3564	23.981	25.0519	28.507	28.7516
R	30.8572	27.0499	25.4737	19.9175	18.8391	18.4625	15.8169	15.1004	17.0263	16.7228	21.1175	22.9228	26.0833	27.0954
W	27.1273	23.6645	20.7173	17.1719	12.7313	15.3137	13.9497	11.117	13.0298	11.4346	15.3577	18.0019	20.2127	23.5887
I	23.3017	19.6198	18.1577	12.3634	12.4318	11.6731	9.50767	7.76875	9.88657	10.1839	14.5527	16.1573	19.202	20.0745
I	21.6111	18.0905	15.6798	11.273	8.83976	10.0235	8.76244	5.34828	7.45217	6.68145	10.9823	13.127	16.1777	17.9362
M	15.9719	12.5893	11.0373	6.51837	6.00365	7.53351	5.72007	3.38447	3.97728	3.65691	7.61374	7.55333	11.0301	11.5856
G	18.2899	14.9608	11.7743	8.61487	3.92703	7.4374	7.25342	2.85582	4.442	3.82526	6.5162	9.19178	11.6523	15.0854
L	19.9794	16.4984	13.4557	10.3764	5.55136	8.18094	8.59458	5.03083	6.05085	6.35062	8.66249	11.3848	13.5391	17.361
N	16.71	12.96	10.1494	6.60588	3.63597	3.72755	5.06217	5.01522	4.59515	6.46918	8.0197	10.2483	12.1341	15.5921
K	19.7923	16.9163	13.5771	10.0263	6.60098	8.38611	10.2447	9.8949	9.54852	10.6567	8.90225	13.851	13.6211	18.7388

