/	C	A	M	R	D	L	R	D	N	F	N	K	F	Y	F	
K	30.2573	27.6374	23.9341	21.541	18.1212	15.1693	17.0912	19.4847	17.4823	19.4502	22.6953	25.1618	26.3952	27.1827	30.281	
R	28.4124	25.6317	21.9508	19.3162	16.187	13.1862	15.6292	17.4727	14.9174	16.829	20.0207	22.7655	24.0496	25.2882	28.3643	
W	25.9045	23.2975	19.7715	17.3831	14.6923	12.3071	15.4678	17.1028	14.1573	15.2963	18.7102	21.3563	22.1894	23.609	26.387	
I	22.6778	19.9123	16.4235	13.8914	11.5323	9.45214	13.0067	14.2202	11.0439	11.7425	15.1815	17.8116	18.5706	20.2243	22.9652	
I	19.7584	17.1961	14.0068	11.9003	10.4395	9.60995	13.5066	14.345	11.1329	10.56	14.0379	16.3175	16.4422	18.2708	20.5851	
M	17.5423	14.773	11.8686	9.62229	9.27436	9.26383	13.0173	12.9623	9.70803	8.23608	11.2928	13.5218	13.5191	15.8672	18.0229	
G	18.8422	16.3052	14.029	12.074	12.5546	12.7233	16.2931	15.6045	12.1999	10.6184	12.8311	15.1383	14.9858	17.8333	19.5545	
L	22.5534	19.9331	17.4014	15.0783	14.8586	14.094	17.6848	17.0666	13.3039	12.7696	14.9806	17.8255	18.2125	21.0857	23.09	
N	24.0191	21.2523	19.0084	16.4861	16.72	15.9307	19.127	17.7547	14.0282	13.6621	14.9582	18.002	18.7257	22.0249	23.9861	
K	27.3423	24.7535	22.6554	20.2545	20.4729	19.5521	22.7555	21.3805	17.621	17.4502	18.6117	21.6773	22.377	25.7326	27.5512	

