/	C	I	L	R	D	G	R	G	G	A	D	G	L	T	F	
S	23.4183	20.387	16.7251	16.0223	13.5044	15.7106	15.6008	16.7241	16.6484	17.9723	15.9274	17.2583	20.7781	22.4214	24.2536	
G	22.93	19.5716	15.9141	14.3766	11.3614	13.2571	12.4852	13.8414	13.7682	15.5855	14.218	15.6346	18.8298	20.9472	23.1283	
E	24.4415	21.0349	17.3751	15.273	11.741	12.5469	11.4445	13.7198	14.2412	16.8032	16.1179	17.1733	20.0014	22.6247	24.8369	
G	22.6778	19.3463	15.7848	13.368	9.64593	9.49354	8.72061	11.6711	13.1345	16.2183	15.7932	16.0791	18.6309	21.6083	23.5628	
S	24.3299	20.9321	17.6731	14.6869	10.9589	9.79948	8.08213	11.5032	13.135	16.6446	17.0707	17.3018	19.2159	22.5475	24.6984	
F	24.7602	21.5179	18.6313	15.3947	11.9628	9.66746	7.9798	11.6781	13.9177	17.6845	18.6049	18.3176	19.6396	23.2319	25.2205	
Q	23.7395	20.4775	18.067	14.4935	11.5406	9.01641	6.60252	9.78889	12.0639	15.8685	17.4202	16.977	17.61	21.3412	23.4371	
P	26.313	23.2162	21.1629	17.5469	14.9484	12.1358	9.90162	12.5808	14.7358	18.4217	20.4274	19.8746	19.9432	23.7245	25.7841	
S	25.6066	22.8494	21.2952	17.8105	15.8309	12.6116	11.1016	13.3037	15.8767	19.3873	21.4557	20.3175	19.8933	23.6554	25.3263	
Q	26.5463	23.8386	22.7302	19.1773	17.6535	14.7963	12.931	14.229	16.2719	19.4152	21.9964	20.9635	19.8831	23.5338	25.3393	
E	29.9422	27.3871	26.4298	22.9258	21.4557	18.5162	16.7203	18.0139	19.9143	22.9356	25.6675	24.6529	23.3643	26.9336	28.6781	
N	30.3442	28.141	27.662	24.3647	23.4051	20.437	19.0495	19.9105	21.8871	24.6121	27.3656	26.0073	24.3008	27.6802	29.0914	
P	31.4512	29.2917	29.134	25.8522	25.2022	22.5988	20.9673	21.2243	22.6963	24.9899	28.0425	26.8506	24.701	27.8373	29.3551	

