/	C	A	W	S	E	T	G	L	G	M	G	G	W	Q	F
E	23.9787	21.0504	19.7254	16.3384	17.0793	16.9429	13.8961	10.1156	13.0535	12.5221	17.3367	19.7024	13.7093	21.2215	21.0408
L	23.7605	20.8268	18.7803	14.9275	14.8544	14.0634	11.1055	7.39364	10.8591	11.4514	15.6709	18.4702	12.8441	20.706	21.6214
A	21.7563	18.5656	16.2724	12.2719	11.7041	10.8681	7.95376	4.34257	7.96036	9.2536	13.0178	15.8866	10.7079	18.5668	20.2753
A	18.3893	15.2994	12.6287	9.22089	9.36283	9.31419	6.80638	3.5848	4.73586	4.96876	9.04404	11.7764	6.68376	14.3177	16.3602
I	19.438	16.2453	13.4033	10.5745	9.85977	9.02047	7.29691	3.20287	4.7117	3.66542	8.57467	11.5851	7.6465	14.4854	16.811
G	21.0915	17.7699	14.0486	11.2339	9.74578	7.97559	7.27184	3.23755	4.57475	5.89153	8.35425	11.8097	9.32921	16.0221	19.4615
I	19.2675	15.6235	11.7507	8.97927	6.28248	4.11373	3.24681	2.78933	4.48358	7.1059	8.60984	11.269	9.25236	15.409	18.741
L	19.4817	15.9061	10.1435	9.01136	4.52506	4.35033	4.81892	4.24194	4.19427	5.4802	6.61253	9.2672	9.06876	14.031	18.1277
T	18.7596	15.6138	10.7578	9.14281	6.64024	2.9678	4.79147	6.73743	8.19255	10.0436	10.3622	12.3608	12.4822	16.79	19.7716
V	22.8547	19.761	13.866	13.0654	9.17917	7.44307	8.65702	10.1438	11.6641	13.2656	13.4558	15.2978	16.002	19.9038	23.1752

