/	C	A	V	N	D	G	G	R	L	T	F
E	16.9111	14.06	9.96771	7.40054	6.91909	7.18369	9.46908	11.0834	13.3194	12.7893	16.1995
L	19.2317	15.7617	12.4352	8.64664	8.56825	7.55587	9.10876	11.3484	13.9039	14.7539	18.1809
A	19.1421	15.3306	12.6129	7.94021	8.99409	6.24523	7.92248	10.06	12.8104	14.8746	18.1401
A	15.5421	11.7335	9.08846	4.54608	6.10024	4.04656	6.11617	7.70113	8.74653	11.4383	14.6356
I	15.0678	11.1235	9.68055	6.08138	9.00748	6.49641	8.55417	9.49966	9.14619	12.6472	15.1803
G	19.2295	15.3725	13.9022	9.25168	12.796	9.42973	10.9791	12.2662	12.6112	16.4188	18.5491
I	21.1009	17.3328	15.5142	10.1776	12.7775	9.0346	9.82125	11.6234	13.6261	17.2182	18.9641
L	21.1104	17.5994	16.3094	10.956	15.3179	11.3355	11.8941	13.245	13.8265	18.0528	19.1488
T	25.038	21.7262	19.9902	14.2606	18.0984	13.707	13.4205	15.1586	17.2404	21.0241	21.9643
V	28.5421	25.2099	23.4885	17.7629	21.3925	17.0261	16.8923	18.7272	20.7706	24.5369	25.5795

