/	C	A	V	N	D	G	G	R	L	T	F
E	16.893	14.2954	10.0438	7.49916	7.05876	7.40068	9.43533	11.3446	13.5115	12.687	16.2135
L	19.2199	15.8314	12.508	8.92822	8.6566	7.66619	8.73322	11.336	13.8295	14.7459	18.2015
A	19.0399	15.1878	12.6433	8.21287	9.02734	7.27494	7.30043	9.93779	12.526	14.7588	18.0029
G	15.5359	11.6455	9.55314	4.95394	7.36383	5.93813	5.76906	7.57388	8.5204	11.6809	14.6123
I	15.1488	11.1422	9.86388	6.13412	9.1701	8.02945	7.60202	9.55951	9.24624	12.6585	15.2166
G	19.1384	15.1929	13.8812	9.15634	12.7111	11.1939	10.2521	11.9509	12.3056	16.1919	18.3613
A	21.1023	17.2235	15.5835	10.3357	13.1208	10.7695	9.59497	11.5197	13.1425	17.1307	18.9096
L	20.9184	17.348	16.2402	10.7647	15.3075	12.8582	11.1143	12.6122	13.0821	17.5805	18.5428
T	25.0873	21.5997	20.117	14.4628	18.19	15.2545	13.4045	15.27	16.7848	20.9967	22.0991
V	28.5392	25.0227	23.5574	17.9134	21.4281	18.4848	16.707	18.6576	20.2789	24.4748	25.548

