/	C	A	W	S	E	T	G	L	G	M	G	G	W	Q	F
E	24.3832	21.471	20.2565	16.6959	16.9995	16.7815	13.4446	8.55364	12.8565	13.7667	17.6307	20.2886	14.1829	21.7119	21.2859
L	24.0439	20.885	19.0408	15.2477	15.0552	14.224	11.0321	5.95657	10.9659	12.5477	15.9511	18.7411	13.1593	20.9608	21.7523
A	21.9096	18.6322	16.3415	12.4461	11.8355	11.1281	8.02591	3.37011	7.85517	10.3059	13.1542	15.9582	10.9002	18.6321	20.2537
G	18.5091	15.4216	12.7647	9.45303	9.41753	9.75371	6.88465	3.82313	4.76548	6.29061	9.25588	11.9527	6.95249	14.444	16.3418
I	19.6238	16.4344	13.5602	10.7625	9.79033	9.23402	7.30275	3.40221	4.71818	4.46062	8.69958	11.7306	7.77938	14.6424	16.9215
G	21.0439	17.6836	14.052	11.2637	9.10933	7.94902	7.21657	3.10328	4.46251	5.82533	8.39066	11.8315	9.30909	15.9738	19.4219
A	19.3527	15.6324	11.8522	9.10878	6.29446	4.17869	3.49689	2.72923	4.36716	7.18521	8.66534	11.3032	9.55724	15.4046	18.757
L	18.6743	15.0648	9.93828	8.11597	4.04659	3.94441	4.96131	3.94313	3.97354	5.45033	6.31326	9.06566	8.67413	13.8751	17.3705
T	19.1959	15.8635	10.8386	9.29828	6.28558	3.11398	5.27621	6.65081	8.1928	10.088	10.4686	12.4031	12.645	16.7691	19.839
V	23.1299	19.8593	13.9425	12.973	8.40954	7.44589	8.79006	10.0054	11.5982	13.2396	13.4953	15.3156	16.0588	20.0807	23.1918

