/	C	A	V	N	D	G	G	R	L	T	F
E	16.8079	14.0053	9.96619	7.27463	7.13968	7.21122	9.13677	11.074	13.2559	12.6447	16.1888
L	19.2254	15.7828	12.5315	8.93309	8.76052	7.72172	8.73331	11.3349	13.9112	14.7386	18.2832
A	19.0875	15.2708	12.5487	8.08127	8.98546	7.22563	7.24605	9.86501	12.7347	14.7632	18.116
G	15.4106	11.6007	9.28377	4.77988	7.44221	6.05167	5.73672	7.45164	8.59537	11.6077	14.5167
I	14.9011	10.9552	9.52683	6.12066	8.97238	8.12564	7.67961	9.50811	9.06001	12.5698	15.1411
G	19.0394	15.172	13.7004	9.12128	12.699	11.3858	10.4419	12.0245	12.4296	16.2483	18.4271
I	20.9732	17.189	15.3621	10.0849	12.6271	10.6469	9.64798	11.506	13.5034	17.1064	18.8876
L	20.7394	17.2639	15.928	10.5021	15.0125	12.8931	11.1946	12.6294	13.376	17.5598	18.6822
T	25.0003	21.6726	19.9491	14.2374	18.165	15.3285	13.4639	15.2735	17.2375	20.992	22.0044
V	28.5448	25.1843	23.4722	17.7733	21.4724	18.6193	16.8336	18.7369	20.8145	24.5507	25.6818

