/	C	A	W	S	E	T	G	L	G	M	G	G	W	Q	F
E	24.0213	21.0704	19.8922	16.3951	17.1055	17.0997	13.9251	9.23349	13.1268	12.4622	17.5172	19.8237	13.7509	21.1183	20.9183
L	23.8884	20.9359	18.9404	15.028	14.8991	14.1207	11.0738	6.23708	10.9551	11.4241	15.8666	18.6553	12.9723	20.6704	21.5943
A	21.7212	18.5315	16.2709	12.2393	11.714	10.9791	7.95825	3.40431	8.02115	9.23135	13.2055	16.0097	10.7222	18.4184	20.0917
G	18.3371	15.2383	12.7208	9.20601	9.35584	9.51738	6.85115	3.6921	4.89499	5.05999	9.3549	12.0036	6.73126	14.2152	16.1395
I	19.5	16.2903	13.5406	10.513	9.79783	9.14146	7.32959	3.24153	4.7024	3.66926	8.8269	11.7867	7.64341	14.4327	16.7083
G	20.9895	17.626	14.0703	11.1062	9.60735	8.05366	7.24198	3.11489	4.41956	5.82337	8.39369	11.8286	9.15656	15.8249	19.3457
I	19.1984	15.5051	11.7744	8.85687	6.23222	4.165	3.28717	2.70088	4.38876	7.17327	8.58535	11.2512	9.23979	15.2039	18.6275
L	18.885	15.2735	10.0629	8.48902	4.18881	4.32808	4.74792	4.00937	3.85839	5.33873	6.34782	9.1556	8.56533	13.9857	17.5419
T	18.6705	15.4694	11.0195	8.99503	6.29972	2.94979	5.01755	6.66371	8.20885	10.1174	10.4001	12.4114	12.5231	16.5548	19.5891
V	22.8947	19.765	13.9986	13.0882	8.41762	7.41716	8.71768	10.113	11.6968	13.3538	13.516	15.3698	16.0249	20.0693	23.2028

