/	C	A	S	P	G	E	T	E	A	F	F	
L	29.8506	27.1552	24.6036	22.946	22.1171	21.4244	24.8836	26.3615	25.9951	28.579	30.8613	
P	28.8909	26.0008	23.061	21.407	20.083	19.2946	22.9436	24.7361	24.661	26.9287	29.5275	
E	26.3755	23.2336	20.1913	18.2241	16.6156	15.5837	19.2349	21.2004	21.4077	23.6823	26.4763	
P	22.9397	19.9972	17.0695	15.489	14.4569	14.2238	17.8224	19.1917	18.817	21.0261	23.5411	
L	20.11	17.1279	13.8984	12.6449	11.4967	11.87	15.4903	16.6883	16.2146	17.9658	20.5914	
P	17.8032	14.4539	11.203	9.29736	7.86726	8.16185	11.7093	12.9309	12.7424	14.6553	17.5027	
Q	13.9759	10.6611	7.55125	5.99378	5.90808	7.79072	10.5513	10.6498	9.58778	11.4412	13.9485	
G	14.4793	11.0575	7.33537	6.06016	4.23236	6.46083	9.24777	9.88135	9.61761	10.4048	13.534	
Q	17.3204	14.1951	10.3443	9.7183	7.41318	8.75341	11.7641	13.0123	13.1383	13.2976	16.5043	
L	20.7013	17.5294	13.731	12.6599	10.1382	10.336	13.8634	15.7298	16.1432	16.8021	20.0514	
T	22.9648	19.6569	15.8586	14.5035	11.2997	10.6796	13.8868	16.3881	17.5803	17.9274	21.4861	
A	26.1095	22.991	19.1499	18.1362	15.0279	14.4637	17.5691	20.1022	21.2617	21.3541	24.854	
Y	29.6068	26.3721	22.57	21.2512	17.8817	16.6968	19.5988	22.5426	24.1545	24.3036	27.9421	

