/	C	A	S	S	R	T	G	S	T	Y	E	Q	Y	F
L	22.3942	19.1504	16.8506	13.1289	11.4921	10.1072	8.00961	7.67234	9.62435	3.36017	12.1027	14.8959	17.7597	19.9777
P	24.248	20.9287	18.0041	14.5483	11.4644	9.78192	6.60993	7.60153	9.36574	6.17487	13.2313	16.4728	18.3542	22.4296
E	23.9894	20.5977	17.3549	14.2256	9.57189	8.64868	4.96136	6.74104	7.96284	7.46058	11.9171	15.9054	16.9569	22.2887
P	20.6934	17.361	14.0203	11.2434	7.09925	7.28189	3.33643	3.28227	4.53461	4.54187	8.44177	12.3217	13.5397	18.7591
L	19.7032	16.5843	12.9191	9.87322	3.88762	3.78249	2.66017	2.99966	3.61781	6.46974	7.05828	11.7503	11.5774	17.6662
P	19.7654	16.6012	12.8771	10.1874	2.59005	7.41934	5.71427	3.29631	4.15787	7.99442	7.11224	12.1708	10.6376	17.4549
Q	17.4877	15.0709	11.2216	9.45064	3.32627	8.64429	7.68616	3.81018	3.76301	7.69233	3.31082	9.71061	5.64386	14.0155
G	20.0514	17.3178	13.5763	11.5082	2.95484	9.06955	8.70949	5.72446	6.50252	10.1701	7.88142	13.0221	10.349	17.4459
Q	22.6308	19.8634	16.3108	13.7241	5.07994	11.1866	10.5588	8.21521	9.64632	13.2266	11.5443	16.3181	13.8326	20.4659
L	24.5693	21.7281	18.2187	15.0924	5.86318	9.87072	8.23134	8.97456	9.7844	13.0982	13.4963	18.1646	16.4699	22.8958
T	27.739	24.6968	21.0721	18.0492	8.88744	13.5335	11.8609	11.3845	11.8546	15.891	15.3456	20.5228	18.5232	25.6214
A	30.7792	27.8918	24.3468	21.1677	11.9991	16.2841	14.7376	14.7316	15.2969	19.255	18.9287	23.9594	22.0728	28.9828
Y	34.086	31.1868	27.6807	24.3635	15.3569	18.5313	16.2921	17.9139	18.3354	20.4756	22.1805	27.224	25.5657	32.4536

