/	C	A	V	G	G	G	S	N	Y	Q	L	I	W
L	18.9799	15.366	13.998	10.9447	11.171	9.74983	5.7955	10.1827	11.0614	14.5276	13.6834	17.474	19.5579
P	22.7516	19.0491	18.1399	15.141	15.0118	13.2152	9.24666	13.6365	12.7596	17.9172	17.1932	21.3037	22.7295
E	23.6781	19.9661	19.5328	16.9075	17.8904	16.7671	12.803	16.6744	14.1747	19.8552	18.2342	22.637	23.1826
P	20.5757	16.9384	16.8643	14.7104	15.9462	15.7137	12.1018	14.6161	12.7242	17.4594	15.3026	19.8829	19.8233
L	22.1148	18.7292	19.1683	17.4756	18.5156	17.9118	14.2113	16.5315	11.686	19.1389	17.0861	21.8329	20.4964
P	23.3004	20.2119	21.0885	19.7914	21.0198	21.0165	17.4587	19.0196	15.184	21.0235	18.5792	23.6037	21.4378
Q	20.4176	18.2184	19.9995	19.6049	21.2093	22.0247	18.8426	19.273	15.9932	20.9998	17.2018	22.2456	18.5135
G	24.7818	22.0192	23.1909	22.2824	23.6364	24.2349	20.8634	21.4915	17.1361	23.2197	20.1531	25.4445	22.4797
Q	28.2498	25.3783	26.2665	25.1622	26.3465	26.3795	22.7887	23.9017	19.26	25.6884	23.2397	28.4708	25.7452
L	28.6802	25.1724	25.3078	23.2835	24.3627	23.2994	19.4328	22.2829	17.4528	24.7824	23.3671	28.0483	27.0955
T	31.3994	28.0957	28.6065	26.8137	27.989	27.3668	23.5536	25.9827	21.6101	28.3801	26.5695	31.3103	29.7179
A	34.8018	31.434	31.8012	29.8367	30.9539	29.9638	26.0627	28.8962	24.2325	31.3591	29.8073	34.5238	33.1184
Y	36.3559	32.9071	32.5677	29.7471	30.2967	28.7819	24.783	28.9354	25.4139	32.4454	31.2887	35.6829	35.7836

