/	C	A	S	S	W	S	F	G	T	E	A	F	F
E	25.6799	22.7665	21.3603	17.4875	18.6461	15.2325	10.1773	11.885	13.9898	16.9646	19.0386	22.3183	22.5361
L	24.9476	21.8023	19.8768	15.9239	16.0444	12.575	7.34991	10.5594	12.4631	15.7	18.136	20.9833	22.4004
A	22.2088	18.8418	16.8108	12.8762	12.6368	9.29512	3.99265	8.14278	9.84672	13.1968	15.7324	18.2069	20.3407
G	18.2988	15.1348	12.9131	8.9983	9.76368	6.59977	3.35686	3.63044	5.501	8.94587	11.2548	14.094	15.8741
I	19.0683	15.9318	13.3845	9.84177	9.48134	5.68436	4.30424	3.55394	5.17765	7.7376	10.7136	13.1393	15.7145
G	20.043	16.6492	13.539	10.1297	8.47779	4.71226	5.0734	6.34724	5.01632	9.15289	12.3108	13.2965	17.875
I	18.6776	15.1444	12.4363	8.78419	6.34741	3.27343	3.53229	7.45112	6.78182	10.9245	13.1975	13.7382	18.3035
L	17.056	13.8833	10.6264	6.85851	3.87027	4.01843	5.81531	9.40084	6.83756	10.3803	12.3317	11.0523	16.3427
T	17.4396	14.903	12.8189	8.96561	6.20622	5.62995	7.37207	11.0504	9.6397	13.3797	15.2628	14.4604	18.9082
V	21.26	18.9028	16.1044	12.3608	8.26079	9.15301	10.4692	14.6024	12.9663	16.6348	18.5539	17.194	22.1899

