/	C	A	V	N	F	G	G	G	K	L	I	F
E	17.5309	15.0379	11.0315	8.69759	7.92948	8.11539	10.1126	13.2882	11.9252	14.3655	14.6662	17.9171
L	19.3177	16.0409	12.838	9.77515	9.64331	7.87234	9.03761	11.6779	12.9967	14.6274	16.0393	19.2813
A	18.9459	15.1139	12.6938	7.92289	9.34553	5.94914	7.6691	9.90096	11.3139	12.9868	15.0301	18.4316
G	15.2938	11.4618	9.3115	4.04672	7.68388	4.24509	5.87555	7.83229	8.78896	9.6406	11.5018	14.2915
I	14.5588	10.5575	9.54933	5.93554	9.34421	6.19906	8.09603	9.952	10.9566	10.0104	12.5072	14.5118
G	18.5139	14.6241	13.4961	8.57747	12.7056	9.04668	10.0289	11.724	13.1702	13.2637	15.804	17.4267
I	20.5803	16.7608	15.2464	9.74856	12.8655	8.69341	9.34859	10.3072	12.5323	13.9741	16.7339	18.2786
L	21.8856	18.62	17.453	11.7683	15.8678	11.4469	11.6588	12.5617	14.7751	14.8866	18.5836	18.682
T	24.2566	20.9147	19.4353	13.7389	17.854	13.425	12.6335	12.6713	15.1902	16.9191	20.0277	20.8217
V	27.7737	24.4077	22.9699	17.2346	21.176	16.7176	16.1993	16.6484	19.1381	20.6139	23.7004	24.4522

