4mji	
	CYS	ALA	SER	SER	LEU	THR	GLY	GLY	GLY	GLU	LEU	PHE	PHE	
THR	28.4508	26.2711	25.4869	22.9401	23.586	20.186	17.6823	17.1363	19.1862	22.8228	23.9768	27.6282	29.0004	
ALA	27.034	24.6973	23.4526	20.7609	20.9844	17.3709	15.2691	15.4287	17.6689	21.3304	22.5338	26.0256	27.65	
PHE	24.7217	22.0571	20.4774	17.5209	17.4736	13.8765	12.0356	12.3385	14.368	18.0581	19.5251	22.9514	24.8982	
THR	21.3143	18.7392	17.0709	14.3206	14.4353	10.8001	8.74798	9.69604	12.366	15.7732	16.772	20.0034	21.8329	
ILE	21.4025	18.5688	16.2037	13.1781	12.3581	8.50654	7.79269	9.85358	12.1193	15.2813	16.5375	19.3854	21.6483	
PRO	19.3843	16.2778	13.4307	10.1966	8.76353	4.93616	5.54001	8.31717	10.103	12.7464	14.0963	16.5603	19.1569	
SER	18.7818	15.9416	12.7037	10.0284	8.00434	4.71994	6.76159	10.3639	12.2347	14.0414	14.7962	16.5336	19.0261	
ILE	21.3833	18.5527	14.982	12.4525	9.52927	7.27953	10.2457	13.7178	14.9723	16.4295	17.4169	18.6442	21.38	

