/	C	A	T	D	D	D	S	A	R	Q	L	T	F
T	20.3203	17.0809	13.6803	9.83003	7.60198	4.75764	7.02508	7.23105	10.1864	11.6823	14.6753	14.0765	18.1689
A	20.7499	17.3355	13.9239	9.45471	8.88222	4.60978	5.85047	6.14578	8.50188	10.9419	13.9568	14.8752	18.6647
F	19.5255	15.6365	13.2297	7.61045	10.231	5.77635	4.75238	6.27928	3.6252	10.5959	12.6639	15.457	18.8145
T	18.5548	15.3079	11.8386	6.90564	8.14044	5.24813	3.6084	3.2029	2.97897	7.23434	10.5599	12.716	16.14
I	20.7412	17.5359	14.8542	9.09613	12.1162	8.85377	5.95549	7.03124	3.9222	9.66516	12.4799	15.5875	17.8621
P	20.9078	17.604	15.5449	9.50367	13.7375	11.3004	7.6287	9.13381	3.52857	10.9908	13.1596	16.5039	18.2186
S	21.9083	18.6039	16.9385	11.3554	15.6365	14.2867	10.3388	10.9841	5.19837	11.9983	13.9493	17.4772	18.145
I	24.2771	21.0009	20.3048	14.9557	19.2578	17.6743	13.8387	14.51	8.70516	15.4761	16.3134	20.6636	20.4601

