/	C	I	A	F	Q	G	A	Q	K	L	V	F
A	23.2406	19.7001	16.3059	14.1317	8.79903	11.0261	9.23647	12.142	15.8216	18.9644	19.7308	23.5857
P	25.2468	21.5205	18.2587	15.6583	11.1042	11.3947	9.95117	12.927	16.5286	19.6777	21.3155	25.023
Q	20.4293	16.601	13.7663	10.4978	6.56617	7.1321	7.00996	9.62786	13.3356	16.067	17.5078	21.0992
P	23.3991	19.583	16.7263	13.4218	10.3801	8.72154	8.62156	11.3768	14.8585	17.5532	19.9775	23.2892
E	24.0635	20.12	18.4487	14.3076	12.9738	10.9754	11.8457	14.6449	17.5586	19.3452	22.3098	24.2231
L	20.8362	17.0511	15.0258	10.8995	8.70395	6.57134	7.9946	10.6421	13.2196	14.8339	17.5669	19.853
P	25.3013	21.5747	20.3062	14.6401	14.3232	12.1523	13.3595	15.3564	17.604	18.4261	21.6311	23.0489
Y	19.5747	16.0372	15.1085	9.71399	10.3125	8.93687	11.136	12.5468	14.6569	13.6934	17.4987	18.2653
P	24.9446	21.5153	21.0218	14.452	15.9365	14.1073	15.8104	16.3747	18.0858	17.8109	21.4168	21.7502
Q	29.5452	26.1854	25.6917	19.1315	20.4776	18.5342	20.1065	20.8324	22.5425	22.4073	26.0662	26.297
P	31.113	28.0034	27.8684	21.1838	23.1634	21.4019	23.1228	23.5196	25.2242	24.2245	28.1188	27.5483
G	32.065	28.5758	29.242	22.1957	24.6428	22.7472	24.5531	24.2427	24.9378	24.4714	28.286	27.3718
S	33.3916	29.8333	30.1401	23.0706	24.8177	22.384	24.1186	23.9418	24.4509	25.5368	28.8308	28.6749

