/	C	A	S	S	F	R	A	L	A	A	D	T	Q	Y	F
A	28.3355	25.3748	24.1186	20.1218	21.2525	14.7402	14.8812	11.3966	13.4487	13.6459	16.5897	20.0758	19.2172	25.1731	25.3134
P	27.9859	24.9956	23.4649	19.3573	19.887	12.4215	13.4467	10.6509	12.763	13.8052	16.4741	20.0708	19.2143	25.0546	25.723
Q	24.4766	21.4054	19.5876	15.6187	16.4904	10.652	10.712	7.02977	8.55655	9.00479	11.7402	15.2058	15.3303	20.3163	21.6503
P	24.3234	21.0291	18.8427	14.8457	14.2951	7.42606	8.95717	6.88312	7.89753	9.68222	11.4027	15.1776	15.9454	19.7578	22.7355
E	24.4998	20.8919	18.4408	14.6142	12.7614	5.4364	8.87634	8.2566	8.09565	10.383	10.1622	14.2963	16.8375	18.2353	23.182
L	20.1449	16.7684	14.2735	10.3056	9.83276	3.78353	5.21789	3.77725	3.57472	5.79025	6.94632	10.9262	12.042	15.3872	18.6454
P	20.0017	16.4896	13.8501	10.4539	7.45081	3.01644	6.91198	8.764	6.64075	10.2068	7.21996	12.6567	14.5304	15.3785	19.9919
Y	17.6845	14.1042	10.6807	7.34288	4.20235	4.30445	6.91303	6.84704	3.29748	5.82954	2.80686	7.27558	10.4432	10.5352	16.0944
P	16.1416	13.0812	10.3837	6.75669	3.33858	4.43844	7.13806	10.4157	8.08898	11.2627	6.31361	11.1276	13.0373	12.2516	16.6332
Q	19.3781	17.1397	14.4964	11.1472	7.91343	8.84172	11.5531	14.6727	12.5275	15.8602	10.986	15.4386	17.5443	15.9289	20.5416
P	20.2309	18.1763	15.1088	12.5159	9.5086	11.6598	14.3362	17.6162	15.3025	18.4028	13.2011	16.6415	18.8588	15.8495	20.8576
G	17.6552	16.5097	13.9552	12.3831	10.3493	12.5675	15.0224	18.6141	17.2414	19.9957	14.8204	17.1012	19.0449	16.7027	20.2301
S	19.1046	17.713	15.4487	13.348	11.0807	13.0747	14.6019	18.1057	17.64	20.6005	15.8154	18.4651	20.2708	18.3836	21.8393

