/	C	A	S	S	F	R	F	T	D	T	Q	Y	F
A	27.4401	24.3394	24.1025	20.1227	21.9399	15.8408	13.8223	12.5043	16.6221	18.8749	18.4754	24.2418	23.7084
P	26.7156	23.6199	22.3652	18.144	19.5167	12.5189	11.945	10.7616	14.6854	17.612	17.8302	23.1229	23.755
Q	22.1314	18.8762	17.0842	13.0081	14.2665	9.16465	8.52762	5.4309	8.73993	11.5999	13.3196	17.0053	19.0161
P	23.9224	20.5317	18.3477	14.1777	14.3771	7.77035	8.93228	7.47375	9.40215	13.2837	15.401	18.4399	21.5509
E	24.2136	20.6011	18.0447	14.1059	12.3217	5.87058	8.93007	8.85399	8.68893	12.9857	16.3842	16.8915	22.5295
L	19.5074	15.9323	13.9365	9.67636	9.57311	3.41086	4.25024	3.95141	5.66191	9.81908	11.8486	14.8496	18.1007
P	20.1092	16.5815	14.0314	10.6248	7.90518	2.71608	6.86351	8.82635	7.53229	12.0269	14.6722	15.3854	19.9507
Y	17.9535	14.4282	11.0251	7.72621	4.04911	3.76918	6.1755	6.37543	2.74704	7.05412	10.3807	10.6365	16.2756
P	17.0038	14.2175	11.5304	8.0334	4.39407	4.55089	7.13674	10.1696	7.24883	11.6788	13.827	13.3912	17.6657
Q	20.0939	18.0856	15.3248	12.35	7.38669	9.09988	11.6629	14.8108	11.6808	16.2125	18.2852	17.2252	21.508
P	20.7891	18.9658	15.6528	13.3519	7.82475	11.5458	14.0728	17.2228	13.3461	17.2883	19.3798	17.265	21.7374
G	18.3037	17.1837	14.5061	12.7385	9.09301	12.5359	14.0911	17.5316	15.0956	17.7135	19.2319	17.9374	21.06
S	19.9126	19.0093	16.6998	14.9028	11.8937	13.567	14.8937	18.3654	17.1407	19.9358	21.3182	20.2097	23.3121

