/	C	I	V	L	G	G	A	D	G	L	T	F
A	19.7402	16.5614	12.4373	11.1625	8.47185	7.6126	8.8735	9.10012	12.9457	16.3965	16.2738	20.4877
P	21.5789	18.0382	14.4031	11.8211	8.23183	7.29167	8.39295	10.5755	13.5997	17.0723	18.265	22.2447
Q	17.1957	13.4944	10.4487	7.14583	3.53717	4.14594	6.11294	7.53497	10.4589	13.4205	14.9029	18.2984
P	20.8394	17.1905	14.133	10.8264	6.97632	6.42909	7.26511	9.92216	12.4748	15.6568	17.7868	21.0769
E	23.3482	19.5524	17.258	13.6654	10.2304	10.4161	11.1738	13.7893	15.9995	18.4009	21.3303	23.3217
L	19.8266	16.2091	14.1293	10.6116	7.72984	6.97906	7.56683	9.97183	11.561	13.8712	16.9023	18.9141
P	25.0001	21.4619	19.8338	16.3925	13.4159	12.3449	12.076	15.0596	16.6629	17.8065	21.4538	22.5538
Y	20.1145	16.8274	15.9835	12.525	11.469	11.1458	12.8608	13.9639	14.7857	14.1	18.3596	18.6473
P	25.8049	22.1159	21.8788	18.5006	17.0752	15.4547	15.717	17.8961	18.1986	18.1129	22.2033	22.4214
Q	30.469	26.7778	26.532	23.1699	21.4378	19.8759	19.8009	22.2923	22.7823	22.7887	26.8635	26.9956
P	32.014	28.2571	28.6809	25.2293	24.1065	22.6536	22.8558	25.0833	25.1238	24.4824	28.7949	28.2741
G	32.6122	28.3614	29.6339	25.8519	25.5416	23.408	22.9399	25.1195	24.6458	24.287	28.2177	27.735
S	34.4868	30.2525	30.8244	27.2888	26.0681	23.7027	22.5477	25.1967	25.3003	25.8887	29.4065	29.6147

