/	C	I	V	W	G	G	A	T	N	K	L	I	F
A	19.1201	15.6354	12.4571	10.1409	6.94098	5.58772	7.18011	9.57481	12.965	15.5101	17.7822	16.3631	20.7334
P	21.8196	18.193	14.9875	12.0635	8.71704	6.55078	7.41431	10.1711	13.2984	16.0265	18.8172	18.1467	22.8189
Q	17.8224	13.9019	11.0452	7.49847	5.00731	3.42217	4.81203	6.71285	9.49974	12.2242	14.6488	15.258	19.0424
P	21.4502	17.4766	14.6076	11.003	8.30941	6.16081	6.78761	9.22971	11.9247	14.6953	17.5429	17.9321	22.2476
E	22.9826	19.0367	17.1642	12.6281	11.4885	9.36842	10.604	12.5828	13.4206	16.8824	19.5393	21.3975	24.2769
L	19.9237	15.6533	13.7166	8.44506	8.72738	5.93323	7.7031	8.30893	9.35857	12.5736	15.0974	17.213	20.3503
P	25.0958	20.6846	19.4842	13.2372	14.5982	11.5307	12.3431	12.9908	11.4828	16.1053	18.5973	21.4839	24.0097
Y	20.024	16.1421	15.1854	9.11695	12.1248	10.3505	12.3376	10.6709	10.8858	14.3009	15.2305	18.2428	19.6817
P	25.7729	21.4758	21.1086	14.4472	18.0241	15.1127	15.8806	14.5849	11.9928	16.7691	18.746	21.8947	23.5164
Q	30.414	26.1657	25.7447	19.0937	22.3253	19.3094	20.0712	19.1563	16.5426	21.3589	23.3749	26.5484	28.033
P	32.0723	28.0602	27.99	21.3037	25.0615	22.2319	23.103	21.753	19.1076	23.7572	25.3997	28.5533	29.233
G	33.112	28.9564	29.2345	22.2515	26.9164	23.9484	23.7067	22.5916	18.9899	23.5112	25.0297	28.3653	28.9452

