/	C	A	S	S	V	R	S	T	D	T	Q	Y	F
A	27.0072	23.6976	22.8652	19.3318	19.9756	14.4339	14.6424	11.4986	15.2221	17.491	17.8904	22.9918	23.1041
P	27.0801	23.8707	22.4018	18.6177	18.7813	12.4203	13.3167	10.6691	14.7124	17.5095	18.1208	23.1222	23.9569
Q	22.2874	18.9795	17.2854	13.6537	13.6634	8.45804	8.698	6.18323	9.44021	11.9568	13.3759	17.3151	18.9824
P	24.2813	21.0211	18.4596	14.7727	13.3643	7.91052	9.33552	7.48425	9.6989	13.412	15.9155	18.4876	21.6455
E	24.4587	20.9278	18.0363	14.5966	11.4801	7.07795	9.23782	8.25043	8.93686	12.9379	16.3594	16.6256	22.2453
L	20.4729	17.1028	14.5708	10.8493	9.12534	3.43367	5.31947	3.84915	5.99976	10.0346	12.4339	15.1403	18.2679
P	20.3337	16.7589	14.1095	10.5184	7.79031	3.09213	7.08588	8.22379	7.06115	12.1956	14.7798	15.4764	20.1429
Y	17.8929	14.3277	10.8781	7.47617	3.69784	3.65017	6.00627	6.19914	3.00213	7.21343	10.5252	10.6107	16.2457
P	16.8731	13.9207	11.513	7.57347	4.25488	4.27526	7.1868	10.3115	7.58613	11.7312	13.7835	13.3339	17.8565
Q	20.1742	18.0079	15.5485	11.8446	8.49759	8.82828	11.7343	14.7976	12.1271	16.2624	18.263	17.1643	21.704
P	20.8609	18.873	16.0005	12.9985	10.0012	11.3577	14.2694	17.4546	14.2673	17.3901	19.5014	17.3462	21.9343
G	18.6247	17.3432	14.974	12.7007	10.3975	12.4286	14.682	18.2536	16.2543	18.0765	19.6718	18.2219	21.477

