/	C	A	V	Q	D	L	G	T	S	G	S	R	L	T	F
H	20.7511	17.7668	13.7869	11.572	6.69021	6.01548	3.60971	5.62098	8.58762	11.8457	14.4182	9.86408	16.0849	13.988	18.4784
P	21.9826	18.6005	15.1368	11.779	7.87023	4.53723	4.57407	6.01847	8.36125	11.0167	13.802	11.4077	16.7169	15.7283	20.0247
V	20.7004	17.0061	13.8873	10.1467	7.45699	3.60949	5.46223	5.57295	6.54587	8.4133	11.3045	11.1685	15.3513	15.6063	19.6339
G	19.9308	16.3429	12.888	8.85955	5.91588	2.81582	4.6225	3.37025	4.43823	5.67872	8.50735	9.35456	13.2091	13.8557	17.8093
D	19.4366	16.0918	12.6253	8.07953	7.01426	5.65829	6.97847	4.24836	3.41395	2.87164	5.81445	8.11642	11.5164	13.8917	16.9244
A	17.1567	13.6892	10.9675	4.98201	6.76435	7.12042	8.46148	5.19578	4.96	3.55589	4.06171	7.20463	10.3362	12.8283	15.2586
D	17.2146	13.869	12.141	6.64187	8.75862	9.76155	11.2277	7.5674	5.73635	3.55425	3.41502	5.94497	9.01376	12.4855	12.9583
Y	19.2518	16.041	15.0082	9.31529	12.2906	13.0122	14.5505	10.91	9.18009	7.29984	5.81925	9.84828	12.0182	15.843	15.5459
F	19.5407	15.7853	13.5043	7.32002	9.03182	7.41837	9.96021	8.25042	8.70974	7.46142	6.66825	10.7514	12.9191	16.0185	18.1182
E	24.2953	21.06	18.4474	12.7082	14.3374	13.9663	15.6697	12.2489	10.005	9.22454	9.41681	12.8398	16.371	19.5278	20.8762
Y	28.8421	25.457	22.8087	16.6891	17.5186	15.0125	17.1924	15.097	13.7437	13.7024	14.1844	17.8487	21.3827	24.2973	26.063

