/	C	A	S	S	A	R	S	G	E	L	F	F
H	26.2259	23.5489	23.4403	20.2847	20.847	19.8634	19.5631	18.6038	20.5073	19.7978	24.5811	23.2335
P	26.4628	23.4016	22.8004	19.3598	19.413	17.9558	18.0312	17.5753	19.5733	19.4966	24.1967	23.7637
V	24.3151	20.9654	20.0523	16.3844	15.6183	13.6351	13.8028	13.8202	16.0393	17.0963	21.3926	21.9439
G	21.5614	18.0874	17.1016	13.3341	13.1842	11.5792	12.4323	11.8975	14.1497	14.3938	18.9314	19.6224
D	18.4409	14.7992	13.9561	10.0613	10.9673	9.91468	11.5126	10.4384	12.6121	11.7029	16.3386	17.2691
A	16.8524	13.0519	11.5437	7.50686	7.70319	6.5873	7.82414	6.77019	9.03754	9.61101	13.7122	15.2263
D	11.4965	7.65422	6.54971	2.72942	5.70665	4.68578	6.79411	6.67076	7.56084	5.76257	9.67286	11.6231
Y	11.3324	8.28095	5.69647	2.76807	3.78068	3.56723	5.86285	6.41082	6.88623	7.76727	8.69676	11.9287
F	18.9953	15.3331	13.1661	9.14063	8.04285	5.50503	7.3908	7.46315	9.98953	12.0438	14.4807	17.6639
E	17.8892	14.9727	13.456	9.49618	10.4305	8.10536	11.4617	11.9853	13.8121	13.5998	16.4654	19.5843
Y	23.8815	20.7182	18.7455	14.8599	14.7392	10.4705	14.6907	15.7689	18.3563	18.8791	20.892	24.894

