/	C	A	S	S	A	R	S	G	E	L	F	F
H	26.0755	23.4093	23.4111	19.9812	20.8762	20.4012	19.6106	18.4284	20.4788	19.2848	24.3062	23.0467
P	26.2029	23.3216	22.6267	18.8459	19.2584	18.2433	17.9107	17.3207	19.3441	18.8037	23.8268	23.4712
V	24.3335	21.1761	19.9809	16.1401	15.5849	13.9709	13.6487	13.5853	15.7687	16.3946	21.1042	21.8225
G	21.5084	18.224	16.9926	13.0067	12.9704	11.7867	12.0339	11.3907	13.6427	13.6674	18.5051	19.3562
E	18.4929	15.0076	13.995	9.83855	10.7138	9.91647	11.0042	9.92321	12.204	11.3181	16.1619	17.2097
A	16.947	13.2978	11.6204	7.38514	7.7033	6.88743	7.40746	6.37605	8.7239	9.24642	13.7085	15.437
D	11.6527	7.89903	6.59968	2.50429	5.29187	4.54146	6.59077	6.28271	7.33758	5.46308	9.44256	11.5679
Y	12.2246	8.61224	5.79332	2.59121	3.39495	3.47806	5.57861	5.94992	7.07836	7.80763	8.5586	11.9416
F	19.3107	15.4399	13.2813	9.21888	8.05547	5.7161	7.25328	7.26335	9.80609	11.5888	14.4652	17.8214
E	19.2447	15.3226	13.6032	9.94942	10.1276	6.3946	11.154	11.7735	14.0154	13.8118	16.552	19.9313
Y	25.1673	21.2367	19.1632	15.3638	14.59	9.37542	14.5044	15.4117	18.0984	19.0374	21.2224	25.3528

