/	C	A	V	Q	D	L	G	T	S	G	S	R	L	T	F	
H	25.8131	22.6163	19.0338	16.5588	12.7963	10.2179	7.56066	10.4349	12.8598	16.2583	18.2502	19.0858	20.341	20.2233	23.7404	
P	25.5763	22.126	18.5405	15.4879	12.0223	8.91994	6.87912	8.99723	10.4133	13.6884	16.0078	17.4075	19.2163	19.7975	23.435	
V	22.9459	19.4635	15.8689	12.5452	9.49137	5.96812	5.49253	7.39428	8.28932	10.9343	12.8497	14.7555	16.5679	17.6686	21.1923	
G	21.2596	17.5471	14.2422	10.6325	8.05855	5.47732	5.16109	4.81267	4.57906	7.30612	9.68521	11.5241	13.848	15.3129	18.9303	
E	22.0735	18.349	15.3545	11.5104	10.0636	7.80365	8.71244	7.54975	5.22156	6.1756	8.66921	11.4477	14.2712	16.551	19.9517	
A	19.2985	15.6399	13.0374	9.24982	9.09489	7.99312	9.92714	8.1963	5.59156	4.05377	5.33738	8.74585	11.5225	14.3711	17.4326	
D	20.3132	16.7694	14.8745	11.4137	12.1423	11.6853	13.4661	11.102	7.80653	4.86335	5.7216	9.06143	12.2247	15.5653	18.265	
Y	23.4317	20.0725	18.2317	14.8059	15.5274	14.518	16.4594	14.4623	11.0903	8.63987	9.39177	12.8225	15.8379	19.303	21.8221	
F	24.5887	21.0946	18.6533	14.939	14.771	12.8774	14.6049	13.2307	10.1593	8.95704	10.4864	14.0335	17.0213	20.1236	23.0209	
E	28.269	24.7573	22.3969	18.671	18.3575	16.3125	17.6178	16.1532	12.8803	11.9698	13.8892	17.2274	20.4463	23.5568	26.4897	
Y	31.4779	28.0545	25.5913	21.8722	21.4307	19.0201	20.3635	19.3303	16.2842	15.6215	17.4239	20.8771	23.9855	27.0939	30.0044	

