/	C	A	V	Q	D	L	G	T	S	G	S	R	L	T	F
H	20.8769	17.7812	14.2358	11.4883	6.79198	5.67858	3.87801	5.86393	8.49779	11.7452	14.2782	11.5154	16.0757	13.7265	18.5097
P	22.1782	18.7014	15.2469	11.9685	8.10594	4.63696	4.87544	6.54629	8.41535	11.1044	13.8719	12.4455	16.8514	15.5194	20.1279
V	20.7768	17.0081	13.837	10.4664	7.33991	3.77232	5.55414	5.88362	6.20701	8.37094	11.2759	10.9912	15.2959	15.1571	19.4997
G	19.2006	15.5324	12.1637	9.00442	5.64654	2.72334	4.72564	3.63876	4.45941	5.52834	8.27189	8.79728	12.7506	13.3479	17.4887
Q	19.427	15.954	12.5671	9.5059	7.0218	5.35381	7.05314	4.54672	3.42013	2.86192	5.80542	7.77827	11.4765	13.5713	16.9699
A	17.1732	13.6137	10.9188	6.44478	7.20317	7.21087	8.87686	5.36582	4.90537	3.43645	3.88363	7.26151	10.2197	12.6759	15.2526
D	17.593	14.2134	12.2433	7.61107	9.28279	10.3481	11.5594	7.56141	5.51616	3.24702	3.52714	5.91273	9.2343	12.5719	13.2483
Y	19.8749	16.6217	15.4976	9.60805	12.8519	13.0814	14.8424	10.9373	9.0448	7.18626	6.0031	10.1467	12.6339	16.1005	16.0905
F	20.119	16.3271	13.8918	9.06257	9.46716	7.21748	10.5969	8.42246	8.6172	7.2766	6.87543	10.904	13.534	16.1981	18.5905
E	25.155	21.8691	19.2725	14.2914	15.0217	14.2154	16.0035	12.5828	9.98162	9.20019	9.9937	13.1439	16.7582	19.875	21.4513
Y	29.3609	25.8609	23.2264	18.4343	17.8812	15.5586	17.7484	15.5343	13.9876	13.8168	14.4782	18.2218	21.682	24.5511	26.5333

