/	C	A	W	S	E	T	G	L	G	T	G	E	L	F	F
E	23.7463	20.9644	19.8079	16.136	16.7307	17.026	13.4037	9.87078	11.9562	12.7015	13.2908	15.5274	15.8621	20.9735	20.5205
A	23.9323	20.717	19.0086	15.1203	14.7398	14.2426	11.057	7.4584	10.3282	12.1589	12.6409	15.0224	16.0601	20.5229	21.3953
A	21.7006	18.238	16.256	12.3377	11.4721	10.8874	7.68392	4.25179	7.83389	9.93183	10.392	12.8529	14.113	17.7636	19.7477
G	18.4373	15.2834	12.9919	9.31132	9.09263	9.53794	6.41777	3.31775	4.05381	6.06683	6.17362	8.56345	10.1167	14.0055	15.8143
I	19.2733	16.1469	13.5579	10.4756	9.73239	9.33141	7.21543	3.06572	3.36187	4.29258	5.34439	7.7478	10.3131	13.5846	15.8304
G	21.0899	17.7557	14.1205	11.4437	9.65539	8.19628	7.27718	3.02484	4.19242	5.12817	7.03252	9.72055	12.8505	14.1005	18.6153
I	19.2881	15.5496	11.3819	9.04093	6.24655	4.09064	3.59143	2.89595	3.86789	6.46326	8.32933	10.5898	12.9006	12.9406	18.2803
L	18.8588	15.2892	9.96295	8.37551	5.38865	4.41385	5.29142	4.33367	3.42563	5.27474	7.23932	9.25667	12.0419	10.9578	17.0162
T	19.4355	16.1169	10.3424	9.46375	6.33637	3.87593	5.76504	6.90412	7.64846	9.98374	11.6347	13.4214	15.6773	13.0803	19.1018
V	23.4929	20.1019	14.1548	13.2022	9.93082	7.89614	9.15131	10.2456	11.1145	13.2416	15.0761	16.8429	19.0698	16.6304	22.8042

