/	C	A	L	S	D	P	V	N	D	M	R	F
H	20.0283	17.2403	13.2531	11.4595	6.77954	7.10014	3.5356	5.56461	8.91694	12.505	10.9859	17.2458
S	22.0745	18.8807	15.0845	12.4841	8.414	6.23689	3.32592	7.59458	10.3144	13.6855	14.3683	19.5453
K	22.7178	19.3383	15.8171	12.8991	9.31655	5.7679	4.63244	8.73441	10.715	13.964	16.1675	20.1705
K	15.2067	12.11	8.70082	6.20485	4.26717	3.37138	3.77672	3.77939	3.82766	6.06462	9.3417	12.1675
K	22.884	19.5832	16.337	13.5576	10.1641	6.72035	7.87049	10.1387	10.1164	13.8057	17.1316	19.6154
C	19.8422	16.5908	13.9107	10.9783	8.8823	6.54576	8.55051	9.31655	7.41941	10.8558	14.3628	16.0662
D	22.4769	19.2077	17.2041	13.499	11.8514	9.71502	11.9308	13.4388	12.2804	15.1866	18.4441	19.5809
E	26.2136	22.7834	21.3944	17.9405	16.1306	13.4827	15.7268	17.0772	15.0651	18.2694	21.7142	21.7604
L	30.2428	26.88	24.8715	21.4076	19.2733	16.2594	17.4667	20.1111	18.4323	21.939	25.4391	26.3052

