/	C	A	S	S	L	R	G	R	G	D	Q	P	Q	H	F	
H	28.5254	26.3202	24.7041	22.4522	23.0017	19.5091	17.5417	15.5633	15.3335	18.1579	20.3739	22.5481	23.5517	27.2584	29.1154	
S	26.6782	24.4077	22.4213	20.1122	20.3148	16.6341	15.2033	13.4833	14.1601	17.0033	18.6905	21.1143	21.9111	25.4453	27.4409	
K	25.4983	22.8208	20.4777	17.7183	17.4857	13.8763	12.6818	10.5766	11.5722	13.9292	15.6854	18.5124	19.7251	23.2099	25.6116	
K	21.9591	19.2286	16.7461	14.0283	13.8642	10.2083	9.05972	7.36652	9.14762	11.7256	12.7361	15.4685	16.359	19.7066	22.1122	
K	22.7641	19.9431	16.9295	14.0398	12.9086	9.14934	9.54141	8.31795	11.1761	12.9684	13.3485	16.4582	17.3041	20.2185	22.8813	
C	19.7487	16.8237	13.5503	10.6391	9.23466	5.46678	6.76988	6.54592	10.159	11.6478	10.9735	13.9084	14.4233	16.9777	19.7156	
D	21.9057	18.7891	15.1939	12.0103	9.43246	6.53692	9.03039	8.63375	12.234	12.6125	11.821	15.1356	16.0798	18.1864	21.2932	
E	23.5992	20.8078	17.1383	14.4404	11.6729	9.07268	12.0719	12.1633	15.8585	16.4014	15.3442	18.4364	18.9326	20.6637	23.559	
L	27.3117	24.4767	20.7494	17.9552	14.8842	12.6276	15.6169	15.3443	18.8718	19.0187	18.2747	21.5845	22.3906	24.0203	27.061	

