	C	A	V	T	T	D	S	W	G	K	L	Q	F
L	17.8264484406	15.2830810547	11.3495378494	8.87612438202	6.98455476761	8.87178134918	11.4852609634	13.1485586166	12.1224851608	13.5778369904	15.8042612076	14.2846794128	18.6448440552
L	19.9346408844	16.5783481598	13.2712802887	9.67019176483	6.08158302307	6.75688791275	8.91483783722	10.7495851517	11.048743248	13.367477417	15.2620429993	16.1774768829	19.7431087494
F	20.3139591217	16.5714302063	13.7016830444	9.95500278473	5.97737407684	5.43207502365	6.86982059479	8.65027046204	9.66328525543	12.6812047958	14.2582607269	16.6498775482	19.8142986298
G	17.7348461151	14.191701889	11.378159523	7.12679433823	4.33239412308	3.4802904129	2.88729143143	5.27999353409	6.76163816452	9.93935203552	10.4238100052	13.7008581161	16.1402664185
Y	13.1252393723	9.58412075043	7.49249505997	3.39360833168	4.44183397293	3.75568294525	3.65846943855	6.13287115097	6.79961872101	8.44107055664	6.49487876892	10.074090004	12.0426673889
P	21.6060638428	18.0745315552	15.2617454529	10.9811077118	8.44807624817	6.42969846725	4.24004840851	7.38578796387	9.42442417145	12.9593896866	13.9055490494	17.3747997284	19.6119480133
V	23.0883140564	19.6985359192	17.9262275696	13.5845518112	12.5809106827	10.6842222214	6.93514728546	9.86903381348	12.921544075	16.4540615082	15.3039722443	19.8630580902	20.7051048279
Y	26.5480365753	23.2392978668	21.0019874573	16.722442627	15.6537179947	12.5806398392	9.10353755951	6.2043967247	13.2289390564	16.3273696899	17.3656902313	21.4067935944	21.9912242889
V	30.1600856781	26.8772411346	24.7280521393	20.269487381	18.9048538208	16.6745471954	12.6450939178	13.3402204514	18.3484077454	21.8659000397	21.7604732513	26.2359695435	27.015537262
