	C	A	V	G	G	G	S	N	Y	Q	L	I	W
L	18.9799137115	15.3660268784	13.9979705811	10.9446802139	11.1710186005	9.74983215332	5.79550361633	10.1827297211	11.0613594055	14.5276279449	13.6833972931	17.4739761353	19.5578746796
P	22.7516422272	19.0491313934	18.139919281	15.1409902573	15.0117683411	13.2151679993	9.24666309357	13.6364879608	12.7596311569	17.9171791077	17.1931591034	21.3037414551	22.7294998169
E	23.6781482697	19.9660720825	19.5327606201	16.9074783325	17.8904399872	16.7670555115	12.803024292	16.6744232178	14.1747493744	19.8552055359	18.2342090607	22.6370449066	23.1825752258
P	20.5756587982	16.9384422302	16.8643341064	14.7104234695	15.9462366104	15.7137155533	12.1018199921	14.6161241531	12.7242326736	17.459400177	15.3026065826	19.8828735352	19.8232517242
L	22.1148033142	18.7291946411	19.1683044434	17.4755630493	18.5156173706	17.9117984772	14.2112617493	16.5314846039	11.6859550476	19.1389293671	17.0860977173	21.8329486847	20.4964046478
P	23.3004341125	20.2119369507	21.088514328	19.7914009094	21.0197601318	21.0164718628	17.4586906433	19.0195980072	15.1840171814	21.0235157013	18.579202652	23.6036643982	21.4378242493
Q	20.4175796509	18.2183685303	19.99949646	19.6048736572	21.2092647552	22.0247058868	18.8426170349	19.2729949951	15.9931745529	20.9997901917	17.2017841339	22.2455596924	18.5134563446
G	24.7817668915	22.0192260742	23.1909255981	22.2823581696	23.6363563538	24.2349033356	20.8633594513	21.4915237427	17.1361160278	23.2197475433	20.1530590057	25.4444522858	22.4796638489
Q	28.2497711182	25.3783054352	26.2664756775	25.1622467041	26.3465137482	26.3794803619	22.788728714	23.9017238617	19.2599868774	25.6884346008	23.2397403717	28.4708404541	25.7451877594
L	28.6801605225	25.1724338531	25.3077735901	23.2835025787	24.3627052307	23.2993736267	19.432762146	22.2828998566	17.4527511597	24.7824497223	23.3670959473	28.0483093262	27.0954685211
T	31.3993816376	28.095703125	28.6065158844	26.813709259	27.9889526367	27.3667583466	23.5536079407	25.9827384949	21.6100654602	28.3801231384	26.5695228577	31.3102970123	29.7178878784
A	34.8018264771	31.4340419769	31.801202774	29.8366565704	30.9538764954	29.9638404846	26.0627174377	28.8962268829	24.2324542999	31.3590564728	29.80727005	34.5238037109	33.1184158325
Y	36.3559494019	32.9070587158	32.5677070618	29.7470703125	30.2967433929	28.7818508148	24.7830028534	28.9354438782	25.4138736725	32.4454116821	31.2887153625	35.6829147339	35.7836036682
