	C	A	S	S	R	T	G	S	T	Y	E	Q	Y	F
L	22.3941669464	19.1504249573	16.8506031036	13.1289110184	11.4920597076	10.1071643829	8.00961399078	7.67233610153	9.62434864044	3.36016893387	12.1026592255	14.8958978653	17.7596607208	19.9777488708
P	24.2479629517	20.9287166595	18.0040950775	14.5483446121	11.4644393921	9.78191947937	6.60993480682	7.60153055191	9.36573791504	6.17486572266	13.2313337326	16.4728450775	18.3541545868	22.4295501709
E	23.9893875122	20.5977020264	17.3549461365	14.2255792618	9.57188606262	8.6486825943	4.96136140823	6.74103736877	7.96283578873	7.4605846405	11.917098999	15.9053678513	16.9568557739	22.2887248993
P	20.693447113	17.3609905243	14.0203256607	11.243396759	7.09924554825	7.28188800812	3.33643460274	3.28227043152	4.53461074829	4.54187011719	8.44177246094	12.3216571808	13.5397062302	18.7591323853
L	19.7032241821	16.5843429565	12.9191455841	9.87322044373	3.88761997223	3.7824857235	2.66017317772	2.99965691566	3.61780619621	6.46974182129	7.05828142166	11.7503185272	11.5774011612	17.6661872864
P	19.765422821	16.6012153625	12.8771028519	10.1873512268	2.59005260468	7.41934013367	5.7142663002	3.2963078022	4.15786790848	7.99441671371	7.11223602295	12.1708059311	10.6376152039	17.4548587799
Q	17.4876804352	15.0708618164	11.2215576172	9.45063686371	3.32627415657	8.64429187775	7.6861615181	3.81018328667	3.76300835609	7.69233465195	3.31081819534	9.71060848236	5.64386367798	14.0155210495
G	20.0514316559	17.3177833557	13.5762577057	11.5082244873	2.95484161377	9.06955432892	8.70948791504	5.72445631027	6.50252056122	10.1701278687	7.88142061234	13.0220861435	10.3489570618	17.4458618164
Q	22.6308498383	19.8633804321	16.310798645	13.7240800858	5.07994318008	11.1866483688	10.5587615967	8.21520900726	9.64631843567	13.2265768051	11.5443334579	16.318145752	13.8326206207	20.4659175873
L	24.5692882538	21.7280673981	18.2187385559	15.0924282074	5.8631772995	9.87072181702	8.2313375473	8.97456169128	9.78439998627	13.0981693268	13.4963474274	18.1645851135	16.4699478149	22.8957805634
T	27.7389755249	24.6967983246	21.0720748901	18.049238205	8.88743972778	13.5335416794	11.8608932495	11.3844642639	11.85455513	15.8910102844	15.3456296921	20.5228309631	18.5232067108	25.6213569641
A	30.7791919708	27.8918495178	24.3468074799	21.1677284241	11.9990539551	16.2841205597	14.7375669479	14.7316474915	15.2968893051	19.2550144196	18.9287490845	23.9594345093	22.0727748871	28.9827632904
Y	34.0859603882	31.1868133545	27.6806850433	24.3634777069	15.3568601608	18.5312614441	16.2920665741	17.9138679504	18.335351944	20.475610733	22.180519104	27.2239665985	25.5656986237	32.4535865784
