/	C	A	A	M	E	G	A	Q	K	L	V	F
L	0.0	0.0	0.0	0.0	-0.61	-0.102	0.0	0.0	0.0	0.0	0.0	0.0
L	0.0	0.0	0.0	0.0	-0.0508	-0.102	0.0	0.0	0.0	0.0	0.0	0.0
F	0.0	0.0	0.0	0.0	-0.0508	-0.356	-0.203	0.0	0.0	0.0	0.0	0.0
G	0.0	0.0	0.0	-0.254	-0.458	-6.0	-11.7	-0.915	-0.0508	0.0	0.0	0.0
Y	0.0	0.0	-0.0508	2.18	-1.02	-11.4	-8.44	-0.508	-0.203	-0.102	0.0	0.0
P	0.0	0.0	0.0	0.0	0.0	-0.153	-0.61	-0.305	0.0	0.0	0.0	0.0
V	0.0	0.0	0.0	0.0	0.0	0.0	-0.0508	0.0	0.0	0.0	0.0	0.0
Y	0.0	0.0	0.0	0.0	0.0	0.0	0.0	-0.102	0.0	0.0	0.0	0.0
V	0.0	0.0	0.0	0.0	0.0	0.0	0.0	0.0	0.0	0.0	0.0	0.0

