/	C	A	S	S	Y	P	G	G	G	F	Y	E	Q	Y	F
L	0.0	0.0	0.0	0.0	0.0	0.0	0.0	0.0	0.0	0.0	0.0	0.0	0.0	0.0	0.0
L	0.0	0.0	0.0	0.0	0.0	0.0	0.0	0.0	0.0	0.0	0.0	0.0	0.0	0.0	0.0
F	0.0	0.0	0.0	0.0	0.0	0.0	0.0	0.0	0.0	0.0	-0.305	0.0	0.0	0.0	0.0
G	0.0	0.0	0.0	0.0	0.0	-0.153	0.0	0.0	0.0	0.0	-0.356	0.0	0.0	0.0	0.0
Y	0.0	0.0	0.0	0.0	-0.0508	-1.12	-0.356	-0.0508	-0.305	-0.102	-12.5	-0.407	0.0	0.0	0.0
P	0.0	0.0	0.0	0.0	-0.0508	-1.07	-2.59	-0.305	-0.356	0.0	-1.02	0.0	0.0	0.0	0.0
V	0.0	0.0	0.0	0.0	-0.407	-2.54	-10.6	-4.98	-3.0	-0.254	-3.25	0.0	0.0	0.0	0.0
Y	0.0	0.0	0.0	0.0	-5.95	-1.02	-23.1	-3.91	-0.102	0.0	0.0	0.0	0.0	0.0	0.0
V	0.0	0.0	0.0	0.0	0.0	0.0	-0.0508	-0.0508	0.0	0.0	0.0	0.0	0.0	0.0	0.0

