/	C	A	A	M	E	G	A	Q	K	L	V	F
L	0.0	0.0	0.0	0.0	-0.564	-0.0805	0.0	0.0	0.0	0.0	0.0	0.0
L	0.0	0.0	0.0	0.0	-0.0805	-0.161	0.0	0.0	0.0	0.0	0.0	0.0
F	0.0	0.0	0.0	0.0	-0.0403	-0.322	-0.201	0.0	0.0	0.0	0.0	0.0
G	0.0	0.0	0.0	-0.282	-0.403	-8.61	-12.7	-1.01	-0.0805	0.0	0.0	0.0
Y	0.0	0.0	0.0	8.93	-1.05	-11.8	-3.7	-0.523	-0.282	-0.0805	0.0	0.0
P	0.0	0.0	0.0	0.0	0.0	-0.121	-0.564	-0.282	0.0	0.0	0.0	0.0
V	0.0	0.0	0.0	0.0	0.0	0.0	-0.0403	0.0	0.0	0.0	0.0	0.0
Y	0.0	0.0	0.0	0.0	0.0	0.0	0.0	-0.121	0.0	0.0	0.0	0.0
V	0.0	0.0	0.0	0.0	0.0	0.0	0.0	0.0	0.0	0.0	0.0	0.0

