/	C	A	A	M	E	G	A	Q	K	L	V	F
L	0.0	0.0	0.0	0.0	-0.536	-0.0595	0.0	0.0	0.0	0.0	0.0	0.0
L	0.0	0.0	0.0	0.0	-0.0595	-0.179	0.0	0.0	0.0	0.0	0.0	0.0
F	0.0	0.0	0.0	0.0	-0.0595	-0.417	-0.238	0.0	0.0	0.0	0.0	0.0
G	0.0	0.0	0.0	-0.298	-0.417	-7.44	-12.1	-0.893	-0.0595	0.0	0.0	0.0
Y	0.0	0.0	0.0	7.97	-1.19	-12.9	-3.63	-0.595	-0.298	-0.0595	0.0	0.0
P	0.0	0.0	0.0	0.0	0.0	-0.119	-0.536	-0.298	0.0	0.0	0.0	0.0
V	0.0	0.0	0.0	0.0	0.0	0.0	-0.0595	0.0	0.0	0.0	0.0	0.0
Y	0.0	0.0	0.0	0.0	0.0	0.0	0.0	-0.119	0.0	0.0	0.0	0.0
V	0.0	0.0	0.0	0.0	0.0	0.0	0.0	0.0	0.0	0.0	0.0	0.0

