/	C	A	S	S	Y	P	G	G	G	F	Y	E	Q	Y	F
L	0.0	0.0	0.0	0.0	0.0	0.0	0.0	0.0	0.0	0.0	0.0	0.0	0.0	0.0	0.0
L	0.0	0.0	0.0	0.0	0.0	0.0	0.0	0.0	0.0	0.0	0.0	0.0	0.0	0.0	0.0
F	0.0	0.0	0.0	0.0	0.0	0.0	0.0	0.0	0.0	0.0	-0.341	0.0	0.0	0.0	0.0
G	0.0	0.0	0.0	0.0	0.0	-0.228	0.0	0.0	0.0	0.0	-0.455	0.0	0.0	0.0	0.0
Y	0.0	0.0	0.0	0.0	-0.0569	-1.31	-0.455	-0.114	-0.341	-0.171	-10.5	-0.512	0.0	0.0	0.0
P	0.0	0.0	0.0	0.0	-0.0569	-0.854	-5.41	-0.114	-0.398	0.0	-1.19	0.0	0.0	0.0	0.0
V	0.0	0.0	0.0	0.0	-0.455	-3.87	-7.74	-6.49	-3.13	-0.228	-3.87	0.0	0.0	0.0	0.0
Y	0.0	0.0	0.0	0.0	-5.06	-1.08	-18.6	-4.27	-0.228	0.0	0.0	0.0	0.0	0.0	0.0
V	0.0	0.0	0.0	0.0	0.0	0.0	0.114	-0.0569	0.0	0.0	0.0	0.0	0.0	0.0	0.0

