/	C	A	S	S	Y	P	G	G	G	F	Y	E	Q	Y	F
L	0.0	0.0	0.0	0.0	0.0	0.0	0.0	0.0	0.0	0.0	0.0	0.0	0.0	0.0	0.0
L	0.0	0.0	0.0	0.0	0.0	0.0	0.0	0.0	0.0	0.0	0.0	0.0	0.0	0.0	0.0
F	0.0	0.0	0.0	0.0	0.0	0.0	0.0	0.0	0.0	0.0	-0.282	0.0	0.0	0.0	0.0
G	0.0	0.0	0.0	0.0	0.0	-0.201	-0.0403	0.0	0.0	0.0	-0.362	0.0	0.0	0.0	0.0
Y	0.0	0.0	0.0	0.0	-0.0403	-1.25	-0.362	-0.0805	-0.322	-0.121	-10.4	-0.443	0.0	0.0	0.0
P	0.0	0.0	0.0	0.0	-0.0403	-0.282	-4.71	-0.161	-0.362	0.0	-1.13	0.0	0.0	0.0	0.0
V	0.0	0.0	0.0	0.0	-0.362	-1.69	-5.92	-6.08	-3.62	-0.282	-3.22	0.0	0.0	0.0	0.0
Y	0.0	0.0	0.0	0.0	-3.34	-1.01	-14.0	-3.86	-0.201	-0.0403	-0.0403	0.0	0.0	0.0	0.0
V	0.0	0.0	0.0	0.0	0.0	0.0	-0.0403	-0.0403	0.0	0.0	0.0	0.0	0.0	0.0	0.0

