/	C	A	A	M	E	G	A	Q	K	L	V	F
L	0.0	0.0	0.0	0.0	-0.569	-0.0569	0.0	0.0	0.0	0.0	0.0	0.0
L	0.0	0.0	0.0	0.0	-0.114	-0.171	0.0	0.0	0.0	0.0	0.0	0.0
F	0.0	0.0	0.0	0.0	-0.0569	-0.455	-0.227	0.0	0.0	0.0	0.0	0.0
G	0.0	0.0	0.0	-0.284	-0.512	-8.25	-11.6	-0.853	-0.0569	0.0	0.0	0.0
Y	0.0	0.0	0.0	10.9	-1.25	-13.1	-3.01	-0.569	-0.284	-0.0569	0.0	0.0
P	0.0	0.0	0.0	0.0	0.0	-0.114	-0.569	-0.341	0.0	0.0	0.0	0.0
V	0.0	0.0	0.0	0.0	0.0	0.0	-0.0569	0.0	0.0	0.0	0.0	0.0
Y	0.0	0.0	0.0	0.0	0.0	0.0	0.0	-0.114	0.0	0.0	0.0	0.0
V	0.0	0.0	0.0	0.0	0.0	0.0	0.0	0.0	0.0	0.0	0.0	0.0

