/	C	A	S	S	Y	P	G	G	G	F	Y	E	Q	Y	F
L	0.0	0.0	0.0	0.0	0.0	0.0	0.0	0.0	0.0	0.0	0.0	0.0	0.0	0.0	0.0
L	0.0	0.0	0.0	0.0	0.0	0.0	0.0	0.0	0.0	0.0	0.0	0.0	0.0	0.0	0.0
F	0.0	0.0	0.0	0.0	0.0	0.0	0.0	0.0	0.0	0.0	-0.357	0.0	0.0	0.0	0.0
G	0.0	0.0	0.0	0.0	0.0	-0.238	0.0	0.0	0.0	0.0	-0.417	0.0	0.0	0.0	0.0
Y	0.0	0.0	0.0	0.0	-0.0595	-1.13	-0.417	-0.0595	-0.298	-0.119	-8.39	-0.476	0.0	0.0	0.0
P	0.0	0.0	0.0	0.0	0.0	-0.536	-5.42	-0.119	-0.417	0.0	-1.13	0.0	0.0	0.0	0.0
V	0.0	0.0	0.0	0.0	-0.476	-3.75	-8.57	-6.07	-3.04	-0.238	-3.87	0.0	0.0	0.0	0.0
Y	0.0	0.0	0.0	0.0	-5.0	-1.01	-18.9	-4.58	-0.238	-0.0595	0.0	0.0	0.0	0.0	0.0
V	0.0	0.0	0.0	0.0	0.0	0.0	0.119	-0.0595	0.0	0.0	0.0	0.0	0.0	0.0	0.0

