/	C	A	S	S	Y	V	G	N	T	G	E	L	F	F
S	0.0	0.0	0.0	0.0	0.0	0.0	0.0	0.0	0.0	0.0	0.0	0.0	0.0	0.0
L	0.0	0.0	0.0	0.0	0.0	0.0	0.0	0.0	0.0	0.0	0.0	0.0	0.0	0.0
L	0.0	0.0	0.0	0.0	0.0	-0.13	0.0	0.0	0.0	0.0	0.0	0.0	0.0	0.0
M	0.0	0.0	0.0	0.0	0.0	-0.13	-0.13	0.0	0.0	0.0	0.0	0.0	0.0	0.0
W	0.0	0.0	0.0	-0.261	-4.69	-12.9	-7.04	-1.82	-0.782	-3.26	-0.261	-0.13	0.0	0.0
I	0.0	0.0	0.0	0.0	-1.43	-19.9	-4.3	-0.651	0.0	0.0	0.0	0.0	0.0	0.0
T	0.0	0.0	0.0	0.0	-0.912	-0.782	-12.9	-19.0	-0.391	-0.13	0.0	0.0	0.0	0.0
Q	0.0	0.0	0.0	0.0	-7.43	-0.912	-0.391	-0.782	0.0	0.0	0.0	0.0	0.0	0.0
C	0.0	0.0	0.0	0.0	0.0	0.0	0.0	-0.13	0.0	0.0	0.0	0.0	0.0	0.0

