/	C	A	V	R	P	T	S	G	G	S	Y	I	P	T	F
S	0.0	0.0	0.0	0.0	0.0	0.0	0.0	0.0	0.0	0.0	0.0	0.0	0.0	0.0	0.0
L	0.0	0.0	0.0	0.0	0.0	0.0	-0.261	-0.261	-0.13	0.0	-0.13	0.0	0.0	0.0	0.0
L	0.0	0.0	0.0	0.0	0.0	-0.391	-0.13	0.0	-0.13	0.0	-0.521	0.0	0.0	0.0	0.0
M	0.0	0.0	0.0	-0.391	-5.6	-8.21	-2.48	-3.65	-12.0	-3.39	-45.1	-0.391	0.0	0.0	0.0
W	0.0	0.0	-0.13	-7.17	-23.3	-7.56	-3.78	-0.13	-0.13	-0.261	-15.4	-0.521	-0.13	0.0	0.0
I	0.0	0.0	0.0	0.0	0.0	0.0	0.0	0.0	0.0	0.0	-0.912	0.0	0.0	0.0	0.0
T	0.0	0.0	0.0	0.0	0.0	0.0	0.0	0.0	0.0	0.0	0.0	0.0	0.0	0.0	0.0
Q	0.0	0.0	0.0	0.0	0.0	0.0	0.0	0.0	0.0	0.0	0.0	0.0	0.0	0.0	0.0
C	0.0	0.0	0.0	0.0	0.0	0.0	0.0	0.0	0.0	0.0	0.0	0.0	0.0	0.0	0.0

