/	C	A	S	S	Y	V	G	N	T	G	E	L	F	F
S	0.0	0.0	0.0	0.0	0.0	0.0	0.0	0.0	0.0	0.0	0.0	0.0	0.0	0.0
L	0.0	0.0	0.0	0.0	0.0	0.0	0.0	0.0	0.0	0.0	0.0	0.0	0.0	0.0
L	0.0	0.0	0.0	0.0	0.0	-0.13	0.0	0.0	0.0	0.0	0.0	0.0	0.0	0.0
M	0.0	0.0	0.0	0.0	0.0	-0.389	-0.259	0.0	0.0	0.0	0.0	0.0	0.0	0.0
W	0.0	0.0	0.0	-0.13	-3.76	-13.9	-7.0	-1.95	-0.649	-2.59	-0.259	-0.13	0.0	0.0
I	0.0	0.0	0.0	0.0	-1.04	-20.9	-5.06	-0.649	0.0	0.0	0.0	0.0	0.0	0.0
T	0.0	0.0	0.0	0.0	-0.908	-0.908	-12.1	-16.1	-0.259	-0.13	0.0	0.0	0.0	0.0
Q	0.0	0.0	0.0	-0.13	-7.78	0.13	-0.389	-1.43	0.0	0.0	0.0	0.0	0.0	0.0
C	0.0	0.0	0.0	0.0	0.0	0.0	0.0	0.0	0.0	0.0	0.0	0.0	0.0	0.0

