/	C	A	A	L	I	Q	G	A	Q	K	L	V	F
G	0.0	0.0	0.0	0.0	0.0	0.0	0.0	0.0	0.0	0.0	0.0	0.0	0.0
E	0.0	0.0	0.0	0.0	-0.242	-1.45	0.0	0.0	0.0	0.0	0.0	0.0	0.0
L	0.0	0.0	0.0	0.0	-2.18	-11.9	-0.968	-0.484	0.0	0.0	0.0	0.0	0.0
I	0.0	0.0	0.0	0.0	-0.242	-5.33	-2.42	-0.242	0.0	0.0	0.0	0.0	0.0
G	0.0	0.0	0.0	0.0	-0.242	-8.96	-2.18	-0.242	0.0	0.0	0.0	0.0	0.0
I	0.0	0.0	0.0	-0.242	-0.242	-1.45	-5.81	-0.968	-6.05	0.0	0.0	0.0	0.0
L	0.0	0.0	0.0	0.0	0.0	-0.242	-0.242	0.0	-0.968	0.0	0.0	0.0	0.0
N	0.0	0.0	0.0	-0.242	0.0	0.0	0.0	0.0	-1.69	0.0	0.0	0.0	0.0
A	0.0	0.0	0.0	0.0	0.0	0.0	0.0	0.0	0.0	0.0	0.0	0.0	0.0
A	0.0	0.0	0.0	0.0	0.0	0.0	0.0	0.0	0.0	0.0	0.0	0.0	0.0
K	0.0	0.0	0.0	0.0	0.0	0.0	0.0	0.0	0.0	0.0	0.0	0.0	0.0
V	0.0	0.0	0.0	0.0	0.0	0.0	0.0	0.0	0.0	0.0	0.0	0.0	0.0
P	0.0	0.0	0.0	0.0	0.0	0.0	0.0	0.0	0.0	0.0	0.0	0.0	0.0
A	0.0	0.0	0.0	0.0	0.0	0.0	0.0	0.0	0.0	0.0	0.0	0.0	0.0
D	0.0	0.0	0.0	0.0	0.0	0.0	0.0	0.0	0.0	0.0	0.0	0.0	0.0

