/	C	A	A	L	I	Q	G	A	Q	K	L	V	F
G	0.0	0.0	0.0	0.0	0.0	0.0	0.0	0.0	0.0	0.0	0.0	0.0	0.0
E	0.0	0.0	0.0	0.0	-0.119	-0.713	0.0	0.0	0.0	0.0	0.0	0.0	0.0
L	0.0	0.0	0.0	-0.119	-3.8	-13.4	-1.55	-0.594	0.0	0.0	0.0	0.0	0.0
I	0.0	0.0	0.0	0.0	-0.119	-5.35	-2.26	-0.119	0.0	0.0	0.0	0.0	0.0
G	0.0	0.0	0.0	0.0	-0.238	-11.3	-2.14	-0.238	-0.238	0.0	0.0	0.0	0.0
T	0.0	0.0	0.0	-0.119	-0.238	-3.8	-6.18	-0.594	-5.23	0.0	0.0	0.0	0.0
L	0.0	0.0	0.0	0.0	0.0	-0.119	-0.119	0.0	-1.31	0.0	0.0	0.0	0.0
N	0.0	0.0	0.0	-0.357	0.0	0.0	-0.119	0.0	-3.45	0.0	0.0	0.0	0.0
A	0.0	0.0	0.0	0.0	0.0	0.0	0.0	0.0	0.0	0.0	0.0	0.0	0.0
A	0.0	0.0	0.0	0.0	0.0	0.0	0.0	0.0	0.0	0.0	0.0	0.0	0.0
K	0.0	0.0	0.0	0.0	0.0	0.0	0.0	0.0	0.0	0.0	0.0	0.0	0.0
V	0.0	0.0	0.0	0.0	0.0	0.0	0.0	0.0	0.0	0.0	0.0	0.0	0.0
P	0.0	0.0	0.0	0.0	0.0	0.0	0.0	0.0	0.0	0.0	0.0	0.0	0.0
A	0.0	0.0	0.0	0.0	0.0	0.0	0.0	0.0	0.0	0.0	0.0	0.0	0.0
D	0.0	0.0	0.0	0.0	0.0	0.0	0.0	0.0	0.0	0.0	0.0	0.0	0.0

