/	C	A	T	G	T	G	D	S	N	Q	P	Q	H	F
E	0.0	0.0	0.0	0.0	0.0	0.0	0.0	0.0	0.0	0.0	0.0	0.0	0.0	0.0
P	0.0	0.0	0.0	0.0	0.0	0.0	0.0	0.0	0.0	0.0	0.0	0.0	0.0	0.0
L	0.0	0.0	0.0	0.0	0.0	0.0	0.0	-0.0728	0.0	0.0	0.0	0.0	0.0	0.0
P	0.0	0.0	0.0	0.0	0.0	-0.728	-0.583	-1.82	-0.0728	0.0	0.0	0.0	0.0	0.0
Q	0.0	0.0	0.0	0.0	0.0728	-3.35	2.62	-1.6	-0.146	-0.0728	0.0	0.0	0.0	0.0
G	0.0	0.0	0.0	-0.0728	-8.45	-1.75	-3.42	-0.219	0.0	0.0	0.0	0.0	0.0	0.0
Q	0.0	0.0	-0.0728	0.946	-24.1	-1.68	103.0	-0.0728	0.0	-0.364	0.0	0.0	0.0	0.0
L	0.0	0.0	0.0	-0.0728	-6.7	-0.291	-13.8	0.0	-0.364	-4.01	-0.0728	0.0	0.0	0.0
T	0.0	0.0	0.0	0.0	-0.291	-0.0728	-5.17	0.0	0.0	0.0	0.0	0.0	0.0	0.0
A	0.0	0.0	0.0	0.0	0.0	0.0	-0.219	0.0	0.0	0.0	0.0	0.0	0.0	0.0
Y	0.0	0.0	0.0	0.0	0.0	0.0	0.0	0.0	0.0	0.0	0.0	0.0	0.0	0.0

