/	C	A	G	A	G	S	Q	G	N	L	I	F
G	0.0	0.0	0.0	0.0	0.0	0.0	0.0	0.0	0.0	0.0	0.0	0.0
I	0.0	0.0	0.0	0.0	0.0	0.0	-0.563	0.0	0.0	0.0	0.0	0.0
L	0.0	0.0	0.0	0.0	0.0	-1.83	-0.563	0.0	0.0	0.0	0.0	0.0
G	0.0	0.0	0.0	0.0	-0.281	-12.7	-11.4	-0.844	-0.141	0.0	0.0	0.0
F	0.0	0.0	0.0	-0.281	-2.53	-7.03	-4.22	-3.52	-0.422	0.0	0.0	0.0
V	0.0	0.0	0.0	0.0	0.0	0.0	-0.141	-0.422	0.0	0.0	0.0	0.0
F	0.0	0.0	0.0	0.0	0.0	0.0	0.0	0.0	0.0	0.0	0.0	0.0
T	0.0	0.0	0.0	0.0	0.0	0.0	0.0	0.0	0.0	0.0	0.0	0.0
L	0.0	0.0	0.0	0.0	0.0	0.0	0.0	0.0	0.0	0.0	0.0	0.0

