/	C	A	S	T	G	S	Y	G	Y	T	F
K	0.0	0.0	0.0	0.0	0.0	0.0	0.0	0.0	0.0	0.0	0.0
A	0.0	0.0	0.0	0.0	0.0	0.0	0.0	0.0	0.0	0.0	0.0
F	0.0	0.0	0.0	0.0	0.0	0.0	-0.182	0.0	0.0	0.0	0.0
S	0.0	0.0	0.0	0.0	0.0	0.0	-0.0606	0.0	0.0	0.0	0.0
P	0.0	0.0	0.0	0.0	0.0	0.0	-0.242	0.0	0.0	0.0	0.0
E	0.0	0.0	0.0	-0.788	-0.0606	-0.667	-7.88	-2.67	-0.667	0.0	0.0
V	0.0	0.0	0.0	-0.546	-0.788	-6.0	-11.1	-0.424	0.0	0.0	0.0
I	0.0	0.0	0.0	-0.121	-0.0606	-0.182	-0.121	0.0	0.0	0.0	0.0
P	0.0	0.0	0.0	0.0	0.0	0.0	0.0	0.0	0.0	0.0	0.0
M	0.0	0.0	0.0	-0.0606	0.0	0.0	0.0	0.0	0.0	0.0	0.0
F	0.0	0.0	0.0	0.0	0.0	0.0	0.0	0.0	0.0	0.0	0.0

