/	C	A	S	S	L	G	Q	A	Y	E	Q	Y	F
E	0.0	0.0	0.0	0.0	0.0	0.0	0.0	0.0	0.0	0.0	0.0	0.0	0.0
E	0.0	0.0	0.0	0.0	0.0	0.0	0.0	0.0	0.0	0.0	0.0	0.0	0.0
Y	0.0	0.0	0.0	0.0	0.0	0.0	0.0	0.0	0.0	0.0	0.0	0.0	0.0
L	0.0	0.0	0.0	0.0	0.0	0.0	-0.113	-0.0567	0.0	0.0	0.0	0.0	0.0
K	0.0	0.0	0.0	0.0	0.0	0.0	-1.19	-0.17	-0.0567	0.0	0.0	0.0	0.0
A	0.0	0.0	0.0	0.0	0.0	-0.34	-21.6	-6.63	-0.68	0.0	0.0	0.0	0.0
W	0.0	0.0	0.0	0.0	-0.0567	-0.34	-3.29	-11.2	-17.2	-0.283	0.0	0.0	0.0
T	0.0	0.0	0.0	-0.0567	-0.907	0.0566	-3.97	-1.36	10.2	0.0	0.0	0.0	0.0
F	0.0	0.0	0.0	0.0	2.21	-0.68	-0.113	-0.0567	-1.02	0.0	0.0	0.0	0.0

