/	C	A	S	S	L	S	F	G	T	E	A	F	F
A	0.0	0.0	0.0	0.0	0.0	0.0	0.0	0.0	0.0	0.0	0.0	0.0	0.0
A	0.0	0.0	0.0	0.0	0.0	0.0	-0.117	0.0	0.0	0.0	0.0	0.0	0.0
G	0.0	0.0	0.0	0.0	0.0	0.0	-4.7	-0.0587	0.0	0.0	0.0	0.0	0.0
I	0.0	0.0	0.0	0.0	0.0	-0.47	-14.2	-4.52	-1.47	0.0	0.0	0.0	0.0
G	0.0	0.0	0.0	0.0	0.0	0.411	-1.12	-0.235	-0.352	0.0	0.0	0.0	0.0
I	0.0	0.0	0.0	0.0	-0.117	-10.6	-10.3	-0.117	-0.235	0.0	0.0	0.0	0.0
L	0.0	0.0	0.0	-0.117	-7.64	-2.58	-0.94	0.0	-0.294	0.0	0.0	0.0	0.0
T	0.0	0.0	0.0	0.0	-0.822	-0.352	-0.117	0.0	0.0	0.0	0.0	0.0	0.0
V	0.0	0.0	0.0	0.0	0.0	0.0	0.0	0.0	0.0	0.0	0.0	0.0	0.0

