/	C	A	S	G	Q	G	N	F	D	I	Q	Y	F
F	0.0	0.0	0.0	0.0	0.0	0.0	0.0	0.0	0.0	0.0	0.0	0.0	0.0
L	0.0	0.0	0.0	0.0	0.0	0.0	0.0	0.0	0.0	0.0	0.0	0.0	0.0
R	0.0	0.0	0.0	0.0	0.0	0.0	0.0	0.0	0.0	0.0	0.0	0.0	0.0
G	0.0	0.0	0.0	0.0	0.0	0.0	-0.141	0.0	0.0	0.0	0.0	0.0	0.0
R	0.0	0.0	0.0	0.0	0.0	-0.141	-2.11	-0.141	-0.141	0.0	0.0	0.0	0.0
A	0.0	0.0	0.0	0.0	-0.845	-9.3	-16.2	-1.13	-4.51	-0.141	0.0	0.0	0.0
Y	0.0	0.0	0.0	-0.141	-10.4	-12.0	-3.38	-0.282	10.0	-5.92	-0.141	0.704	0.0
G	0.0	0.0	0.0	0.0	0.0	0.141	-0.141	0.0	0.0	0.0	0.0	0.0	0.0
L	0.0	0.0	0.0	0.0	0.0	0.0	0.0	0.0	0.0	0.0	0.0	0.0	0.0

