/	C	A	S	S	G	A	S	H	E	Q	Y	F
R	0.0	0.0	0.0	0.0	0.0	0.0	0.0	0.0	0.0	0.0	0.0	0.0
F	0.0	0.0	0.0	0.0	0.0	0.0	0.0	0.0	0.0	0.0	0.0	0.0
P	0.0	0.0	0.0	0.0	0.0	0.0	0.0	0.13	0.0	0.0	0.0	0.0
L	0.0	0.0	0.0	0.0	0.0	0.0	0.0	19.1	0.0	0.0	0.0	0.0
T	0.0	0.0	0.0	0.0	-0.13	0.0	-0.259	-4.28	0.0	0.0	0.0	0.0
F	0.0	0.0	-0.13	-7.26	-0.13	-0.908	2.72	-11.3	-0.519	-0.259	0.0	0.0
G	0.0	0.0	0.0	-1.95	10.6	-5.84	-1.82	-1.17	-0.13	0.0	0.0	0.0
W	0.0	0.0	0.0	-0.259	-5.19	-1.04	-11.2	-11.4	-0.13	0.0	0.0	0.0
C	0.0	0.0	0.0	0.0	-0.389	-0.519	0.0	0.0	0.0	0.0	0.0	0.0
F	0.0	0.0	0.0	0.0	0.0	0.0	0.0	0.0	0.0	0.0	0.0	0.0

