/	W	G	T	Y	N	Q	G	G	K	L	I	F
R	0.0	0.0	0.0	-0.13	-3.11	-0.649	-1.17	-0.13	0.0	0.0	0.0	0.0
F	0.0	0.0	0.0	0.0	0.0	0.0	-0.259	0.0	0.0	0.0	0.0	0.0
P	0.0	0.0	0.0	0.0	0.0	0.0	-0.13	-0.13	0.0	0.0	0.0	0.0
L	0.0	0.0	-0.13	-7.52	-1.17	-0.259	-1.95	64.5	-1.04	-0.13	0.0	0.0
T	0.0	0.0	0.0	0.0	0.0	0.0	0.0	0.0	0.0	0.0	0.0	0.0
F	0.0	0.0	0.0	-6.49	0.0	0.0	-0.13	-1.04	-0.259	-0.13	0.0	0.0
G	0.0	0.0	0.0	0.0	0.0	0.0	0.0	0.0	0.0	0.0	0.0	0.0
W	0.0	0.0	0.0	0.0	0.0	0.0	0.0	0.0	0.0	0.0	0.0	0.0
C	0.0	0.0	0.0	0.0	0.0	0.0	0.0	0.0	0.0	0.0	0.0	0.0
F	0.0	0.0	0.0	0.0	0.0	0.0	0.0	0.0	0.0	0.0	0.0	0.0

