/	C	A	S	S	G	A	S	H	E	Q	Y	F
R	0.0	0.0	0.0	0.0	0.0	0.0	0.0	0.0	0.0	0.0	0.0	0.0
F	0.0	0.0	0.0	0.0	0.0	0.0	0.0	0.0	0.0	0.0	0.0	0.0
P	0.0	0.0	0.0	0.0	0.0	0.0	0.0	-0.0937	0.0	0.0	0.0	0.0
L	0.0	0.0	0.0	0.0	0.0	0.0	0.0	-6.28	0.0	0.0	0.0	0.0
T	0.0	0.0	0.0	0.0	-0.0937	-0.375	0.0	-0.562	0.0	0.0	0.0	0.0
F	0.0	0.0	-0.0937	-5.53	-4.59	-4.03	-0.562	-39.5	-0.656	-0.375	0.0	0.0
G	0.0	0.0	0.0	-0.656	-2.34	-2.44	-0.281	-2.34	0.0	0.0	0.0	0.0
W	0.0	0.0	0.0	-0.0937	-1.69	-28.9	-2.06	-13.6	0.0	0.0	0.0	0.0
C	0.0	0.0	0.0	0.0	-0.0937	-0.468	0.0	0.0	0.0	0.0	0.0	0.0
F	0.0	0.0	0.0	0.0	0.0	0.0	0.0	0.0	0.0	0.0	0.0	0.0

