/	W	G	T	Y	N	Q	G	G	K	L	I	F
R	0.0	0.0	0.0	0.0	-0.187	-15.3	-0.562	0.0	0.0	0.0	0.0	0.0
F	0.0	0.0	0.0	0.0	0.0	0.468	-0.0937	0.0	0.0	0.0	0.0	0.0
P	0.0	0.0	0.0	0.0	0.0	-0.375	-0.0937	0.0	0.0	0.0	0.0	0.0
L	0.0	0.0	-0.0937	-5.43	-3.28	-1.87	-2.34	-3.28	-0.656	-0.0937	0.0	0.0
T	0.0	0.0	0.0	0.0	0.0	0.0	0.0	0.0	0.0	0.0	0.0	0.0
F	0.0	0.0	0.0	-7.87	-0.0937	0.0	-0.0937	-0.937	-0.187	-0.187	0.0	0.0
G	0.0	0.0	0.0	0.0	0.0	0.0	0.0	0.0	0.0	0.0	0.0	0.0
W	0.0	0.0	0.0	0.0	0.0	0.0	0.0	0.0	0.0	0.0	0.0	0.0
C	0.0	0.0	0.0	0.0	0.0	0.0	0.0	0.0	0.0	0.0	0.0	0.0
F	0.0	0.0	0.0	0.0	0.0	0.0	0.0	0.0	0.0	0.0	0.0	0.0

