/	C	A	S	S	F	L	G	T	G	V	E	Q	Y	F
A	0.0	0.0	0.0	0.0	0.0	0.0	0.0	0.0	0.0	0.0	0.0	0.0	0.0	0.0
L	0.0	0.0	0.0	0.0	0.0	0.0	0.0	-0.327	0.0	0.0	0.0	0.0	0.0	0.0
G	0.0	0.0	0.0	0.0	0.0	0.0	-0.163	-20.3	-0.163	0.0	0.0	0.0	0.0	0.0
I	0.0	0.0	0.0	0.0	0.0	0.0	-0.218	2.39	-6.2	-0.653	-0.0544	0.0	0.0	0.0
G	0.0	0.0	0.0	0.0	0.0	-0.0544	-0.0544	-20.4	-2.01	-0.653	-0.109	0.0	0.0	0.0
I	0.0	0.0	0.0	0.0	-0.163	-0.762	-9.25	-16.3	-0.435	-0.653	0.0	0.0	0.0	0.0
L	0.0	0.0	0.0	-0.218	25.3	-9.42	-4.57	-2.01	-0.218	-2.78	-0.49	0.0	0.0	0.0
T	0.0	0.0	0.0	-0.109	-3.1	-15.2	-1.52	-0.109	0.0	-0.109	0.0	0.0	0.0	0.0
V	0.0	0.0	0.0	0.0	-0.327	-0.0544	0.0	0.0	0.0	0.0	0.0	0.0	0.0	0.0

