/	C	A	M	R	D	L	R	D	N	F	N	K	F	Y	F
K	0.0	0.0	0.0	0.0	0.0	0.0	0.0	0.0	0.0	0.0	0.0	0.0	0.0	0.0	0.0
R	0.0	0.0	0.0	0.0	0.0	0.0	0.0	0.0	0.0	0.0	0.0	0.0	0.0	0.0	0.0
W	0.0	0.0	0.0	0.0	0.0	0.0	0.0	0.0	0.0	0.0	0.0	0.0	0.0	0.0	0.0
I	0.0	0.0	0.0	0.0	0.0	-5.98	0.0	0.0	-0.332	-3.16	0.0	0.0	0.0	0.0	0.0
I	0.0	0.0	0.0	0.0	0.0	-0.166	0.0	0.0	0.0	-1.99	0.0	0.0	0.0	0.0	0.0
L	0.0	0.0	-0.166	-4.49	-0.831	-0.499	0.0	0.0	-0.166	-14.3	0.0	0.0	0.0	0.0	0.0
G	0.0	0.0	0.0	0.332	0.0	0.0	0.0	0.0	0.0	-0.166	0.0	0.0	0.0	0.0	0.0
L	0.0	0.0	0.0	0.0	0.0	0.0	0.0	0.0	0.0	0.0	0.0	0.0	0.0	0.0	0.0
N	0.0	0.0	0.0	0.0	0.0	0.0	0.0	0.0	0.0	0.0	0.0	0.0	0.0	0.0	0.0
K	0.0	0.0	0.0	0.0	0.0	0.0	0.0	0.0	0.0	0.0	0.0	0.0	0.0	0.0	0.0

