/	C	A	V	N	F	G	G	G	K	L	I	F
E	0.0	0.0	0.0	0.0	-0.0568	-0.0568	0.0	0.0	0.0	0.0	0.0	0.0
L	0.0	0.0	0.0	0.0	0.0	-0.114	0.0	0.0	0.0	0.0	0.0	0.0
A	0.0	0.0	0.0	-0.0568	0.0	-0.0568	-0.0568	0.0	0.0	0.0	0.0	0.0
G	0.0	0.0	0.0	-5.45	-0.114	-0.738	-0.227	0.0	0.0	0.0	0.0	0.0
I	0.0	0.0	0.0	-0.568	0.0	0.0	-0.0568	0.0	0.0	0.0	0.0	0.0
G	0.0	0.0	0.0	0.0	0.0	0.0	0.0	0.0	0.0	0.0	0.0	0.0
I	0.0	0.0	0.0	0.0	0.0	0.0	0.0	0.0	0.0	0.0	0.0	0.0
L	0.0	0.0	0.0	0.0	0.0	0.0	0.0	0.0	0.0	0.0	0.0	0.0
T	0.0	0.0	0.0	0.0	0.0	0.0	0.0	0.0	0.0	0.0	0.0	0.0
V	0.0	0.0	0.0	0.0	0.0	0.0	0.0	0.0	0.0	0.0	0.0	0.0

