/	C	A	S	S	W	S	F	G	T	E	A	F	F
E	0.0	0.0	0.0	0.0	0.0	0.0	0.0	0.0	0.0	0.0	0.0	0.0	0.0
L	0.0	0.0	0.0	0.0	0.0	0.0	-0.227	0.0	0.0	0.0	0.0	0.0	0.0
A	0.0	0.0	0.0	0.0	0.0	0.0	-4.6	-0.0568	0.0	0.0	0.0	0.0	0.0
G	0.0	0.0	0.0	0.0	0.0	-0.227	-3.69	-4.37	-0.114	0.0	0.0	0.0	0.0
I	0.0	0.0	0.0	0.0	0.0	-0.341	-6.36	-5.28	-2.55	-0.0568	0.0	0.0	0.0
G	0.0	0.0	0.0	0.0	-0.0568	0.851	-1.7	-0.227	-0.511	0.0	0.0	0.0	0.0
I	0.0	0.0	0.0	0.0	-0.227	-11.6	-11.2	-0.114	-0.227	0.0	0.0	0.0	0.0
L	0.0	0.0	0.0	-0.17	-10.1	-8.57	-0.908	0.0	-0.17	0.0	0.0	0.0	0.0
T	0.0	0.0	0.0	0.0	-1.14	-0.397	-0.114	0.0	0.0	0.0	0.0	0.0	0.0
V	0.0	0.0	0.0	0.0	-0.0568	0.0	0.0	0.0	0.0	0.0	0.0	0.0	0.0

