/	C	A	S	S	A	R	S	G	E	L	F	F
H	0.0	0.0	0.0	0.0	0.0	0.0	0.0	0.0	0.0	0.0	0.0	0.0
P	0.0	0.0	0.0	0.0	0.0	0.0	0.0	0.0	0.0	0.0	0.0	0.0
V	0.0	0.0	0.0	0.0	0.0	0.0	0.0	0.0	0.0	0.0	0.0	0.0
G	0.0	0.0	0.0	0.0	0.0	0.0	0.0	0.0	0.0	0.0	0.0	0.0
D	0.0	0.0	0.0	0.0	0.0	0.0	0.0	0.0	0.0	0.0	0.0	0.0
A	0.0	0.0	0.0	0.0	0.0	-0.287	0.0	-0.144	0.0	0.0	0.0	0.0
D	0.0	0.0	-0.431	-50.7	-0.431	-0.718	-0.144	-0.431	0.0	-0.574	0.0	0.0
Y	0.0	0.0	0.574	-39.9	-9.76	-22.0	-0.574	-0.144	-0.431	0.0	0.0	0.0
F	0.0	0.0	0.0	0.0	0.0	-1.15	-0.144	-0.144	0.0	0.0	0.0	0.0
E	0.0	0.0	0.0	0.0	0.0	-0.144	0.0	0.0	0.0	0.0	0.0	0.0
Y	0.0	0.0	0.0	0.0	0.0	0.0	0.0	0.0	0.0	0.0	0.0	0.0

