/	C	A	V	Q	D	L	G	T	S	G	S	R	L	T	F
H	0.0	0.0	0.0	0.0	-0.431	-0.431	-8.76	-0.861	0.0	0.0	0.0	0.0	0.0	0.0	0.0
P	0.0	0.0	0.0	0.0	0.0	0.287	-2.44	-0.144	0.0	0.0	0.0	0.0	0.0	0.0	0.0
V	0.0	0.0	0.0	0.0	-0.144	-15.8	-1.72	-1.29	-0.287	0.0	0.0	0.0	0.0	0.0	0.0
G	0.0	0.0	0.0	0.0	-0.861	-17.4	-2.73	-6.89	-4.88	-0.144	0.0	0.0	0.0	0.0	0.0
D	0.0	0.0	0.0	0.0	-0.144	-0.287	-0.144	-0.718	-17.7	-16.1	-0.144	0.0	0.0	0.0	0.0
A	0.0	0.0	0.0	-1.29	-0.287	-0.287	0.0	-0.431	-2.15	-7.32	-8.76	-0.144	0.0	0.0	0.0
D	0.0	0.0	0.0	-0.431	0.0	0.0	0.0	0.0	-1.29	-19.5	-25.8	-0.574	0.0	0.0	0.0
Y	0.0	0.0	0.0	0.0	0.0	0.0	0.0	0.0	0.0	-0.144	-0.144	0.0	0.0	0.0	0.0
F	0.0	0.0	0.0	-0.144	0.0	-0.144	0.0	0.0	0.0	-0.287	-0.144	0.0	0.0	0.0	0.0
E	0.0	0.0	0.0	0.0	0.0	0.0	0.0	0.0	0.0	0.0	0.0	0.0	0.0	0.0	0.0
Y	0.0	0.0	0.0	0.0	0.0	0.0	0.0	0.0	0.0	0.0	0.0	0.0	0.0	0.0	0.0

