/	C	A	S	S	A	R	S	G	E	L	F	F
H	0.0	0.0	0.0	0.0	0.0	0.0	0.0	0.0	0.0	0.0	0.0	0.0
P	0.0	0.0	0.0	0.0	0.0	0.0	0.0	0.0	0.0	0.0	0.0	0.0
V	0.0	0.0	0.0	0.0	0.0	0.0	0.0	0.0	0.0	0.0	0.0	0.0
G	0.0	0.0	0.0	0.0	0.0	0.0	0.0	0.0	0.0	0.0	0.0	0.0
E	0.0	0.0	0.0	0.0	0.0	0.0	0.0	0.0	0.0	0.0	0.0	0.0
A	0.0	0.0	0.0	0.0	-0.143	-0.143	-0.143	-0.286	0.0	0.0	0.0	0.0
D	0.0	0.0	-0.429	-48.6	-0.286	-0.286	-0.286	-0.857	0.0	-0.714	0.0	0.0
Y	0.0	0.0	-0.714	21.0	-8.86	-17.1	-0.857	-0.429	-0.143	-0.143	0.0	0.0
F	0.0	0.0	0.0	0.0	0.0	-1.0	-0.143	-0.143	0.0	0.0	0.0	0.0
E	0.0	0.0	0.0	0.0	0.0	-1.0	0.0	0.0	0.0	0.0	0.0	0.0
Y	0.0	0.0	0.0	0.0	0.0	0.0	0.0	0.0	0.0	0.0	0.0	0.0

